Run,EvalCount,Time,BestVal,BestHistory...
1,2000,0.0888,-5.449784e+02,"2.361476e+04,2.202824e+04,8.991395e+03,8.991395e+03,3.037293e+03,3.037293e+03,3.037293e+03,3.037293e+03,3.037293e+03,2.098693e+03,2.091234e+03,2.091234e+03,2.091234e+03,2.091234e+03,2.091234e+03,1.725449e+03,1.725449e+03,1.725449e+03,1.725449e+03,1.725449e+03,1.725449e+03,1.725449e+03,1.725449e+03,1.725449e+03,1.725449e+03,1.725449e+03,1.725449e+03,1.725449e+03,1.725449e+03,1.725449e+03,1.725449e+03,1.725449e+03,1.725449e+03,1.725449e+03,1.725449e+03,1.725449e+03,1.725449e+03,1.725449e+03,1.725449e+03,1.725449e+03,1.725449e+03,1.725449e+03,1.725449e+03,1.725449e+03,1.725449e+03,1.725449e+03,1.725449e+03,1.725449e+03,1.725449e+03,1.725449e+03,1.725449e+03,5.650988e+02,5.650988e+02,5.650988e+02,5.650988e+02,5.650988e+02,5.650988e+02,-4.439072e+02,-4.439072e+02,-4.439072e+02,-4.439072e+02,-4.439072e+02,-4.439072e+02,-4.439072e+02,-4.439072e+02,-4.439072e+02,-4.439072e+02,-4.439072e+02,-4.439072e+02,-4.439072e+02,-4.439072e+02,-4.439072e+02,-4.439072e+02,-4.439072e+02,-4.439072e+02,-4.439072e+02,-4.439072e+02,-4.738108e+02,-4.738108e+02,-4.738108e+02,-4.738108e+02,-4.738108e+02,-4.738108e+02,-4.738108e+02,-4.738108e+02,-4.738108e+02,-4.738108e+02,-4.738108e+02,-4.738108e+02,-4.738108e+02,-4.738108e+02,-4.738108e+02,-4.738108e+02,-4.738108e+02,-4.738108e+02,-4.738108e+02,-4.738108e+02,-4.738108e+02,-4.738108e+02,-4.738108e+02,-4.738108e+02,-4.738108e+02,-4.738108e+02,-4.738108e+02,-4.738108e+02,-4.738108e+02,-4.738108e+02,-4.738108e+02,-4.738108e+02,-4.738108e+02,-4.738108e+02,-4.738108e+02,-4.738108e+02,-4.738108e+02,-4.738108e+02,-4.738108e+02,-4.738108e+02,-4.738108e+02,-4.738108e+02,-4.738108e+02,-4.738108e+02,-4.738108e+02,-4.738108e+02,-4.738108e+02,-4.738108e+02,-4.738108e+02,-4.738108e+02,-4.738108e+02,-4.738108e+02,-5.414774e+02,-5.414774e+02,-5.414774e+02,-5.414774e+02,-5.414774e+02,-5.414774e+02,-5.414774e+02,-5.414774e+02,-5.414774e+02,-5.414774e+02,-5.414774e+02,-5.414774e+02,-5.414774e+02,-5.414774e+02,-5.426551e+02,-5.426551e+02,-5.426551e+02,-5.426551e+02,-5.426551e+02,-5.426551e+02,-5.426551e+02,-5.426551e+02,-5.426551e+02,-5.426551e+02,-5.426551e+02,-5.426551e+02,-5.426551e+02,-5.426551e+02,-5.426551e+02,-5.426551e+02,-5.426551e+02,-5.426551e+02,-5.426551e+02,-5.433771e+02,-5.433771e+02,-5.433771e+02,-5.433771e+02,-5.433771e+02,-5.433771e+02,-5.433771e+02,-5.433771e+02,-5.433771e+02,-5.433771e+02,-5.433771e+02,-5.433771e+02,-5.433771e+02,-5.433771e+02,-5.433771e+02,-5.433771e+02,-5.433771e+02,-5.433771e+02,-5.433771e+02,-5.433771e+02,-5.433771e+02,-5.433771e+02,-5.433771e+02,-5.433771e+02,-5.433771e+02,-5.433771e+02,-5.433771e+02,-5.433771e+02,-5.433771e+02,-5.433771e+02,-5.433771e+02,-5.433771e+02,-5.433771e+02,-5.433771e+02,-5.433771e+02,-5.433771e+02,-5.433771e+02,-5.433771e+02,-5.433771e+02,-5.433771e+02,-5.433771e+02,-5.433771e+02,-5.433771e+02,-5.433771e+02,-5.433771e+02,-5.433771e+02,-5.433771e+02,-5.433771e+02,-5.433771e+02,-5.433771e+02,-5.433771e+02,-5.433771e+02,-5.433771e+02,-5.433771e+02,-5.433771e+02,-5.433771e+02,-5.433771e+02,-5.433771e+02,-5.433771e+02,-5.433771e+02,-5.433771e+02,-5.433771e+02,-5.433771e+02,-5.433771e+02,-5.433771e+02,-5.433771e+02,-5.433771e+02,-5.433771e+02,-5.433771e+02,-5.433771e+02,-5.433771e+02,-5.433771e+02,-5.433771e+02,-5.433771e+02,-5.433771e+02,-5.433771e+02,-5.433771e+02,-5.433771e+02,-5.433771e+02,-5.433771e+02,-5.433771e+02,-5.433771e+02,-5.433771e+02,-5.433771e+02,-5.433771e+02,-5.433771e+02,-5.433771e+02,-5.433771e+02,-5.433771e+02,-5.433771e+02,-5.433771e+02,-5.433771e+02,-5.433771e+02,-5.433771e+02,-5.433771e+02,-5.433771e+02,-5.433771e+02,-5.433771e+02,-5.433771e+02,-5.433771e+02,-5.433771e+02,-5.433771e+02,-5.433771e+02,-5.433771e+02,-5.433771e+02,-5.433771e+02,-5.433771e+02,-5.433771e+02,-5.433771e+02,-5.433771e+02,-5.433771e+02,-5.433771e+02,-5.433771e+02,-5.433771e+02,-5.433771e+02,-5.433771e+02,-5.433771e+02,-5.433771e+02,-5.433771e+02,-5.433771e+02,-5.433771e+02,-5.433771e+02,-5.433771e+02,-5.433771e+02,-5.433771e+02,-5.433771e+02,-5.433771e+02,-5.433771e+02,-5.433771e+02,-5.433771e+02,-5.433771e+02,-5.433771e+02,-5.433771e+02,-5.433771e+02,-5.442319e+02,-5.442319e+02,-5.442319e+02,-5.442319e+02,-5.442319e+02,-5.442319e+02,-5.442319e+02,-5.442319e+02,-5.442319e+02,-5.442319e+02,-5.442319e+02,-5.442319e+02,-5.442319e+02,-5.442319e+02,-5.442319e+02,-5.442319e+02,-5.442319e+02,-5.442319e+02,-5.442319e+02,-5.442319e+02,-5.442319e+02,-5.442319e+02,-5.442319e+02,-5.442319e+02,-5.442319e+02,-5.442319e+02,-5.442319e+02,-5.442319e+02,-5.442319e+02,-5.442319e+02,-5.442319e+02,-5.442319e+02,-5.442319e+02,-5.442319e+02,-5.442319e+02,-5.442319e+02,-5.442319e+02,-5.442319e+02,-5.442319e+02,-5.442319e+02,-5.442319e+02,-5.442319e+02,-5.442319e+02,-5.442319e+02,-5.442319e+02,-5.442319e+02,-5.442319e+02,-5.442319e+02,-5.442319e+02,-5.442319e+02,-5.442319e+02,-5.442319e+02,-5.442319e+02,-5.442319e+02,-5.442319e+02,-5.442319e+02,-5.442319e+02,-5.442319e+02,-5.442319e+02,-5.442319e+02,-5.442319e+02,-5.442319e+02,-5.442319e+02,-5.442319e+02,-5.442319e+02,-5.442319e+02,-5.442319e+02,-5.442319e+02,-5.442319e+02,-5.442319e+02,-5.442319e+02,-5.442319e+02,-5.442319e+02,-5.442319e+02,-5.442319e+02,-5.442319e+02,-5.442319e+02,-5.442319e+02,-5.442319e+02,-5.442319e+02,-5.442319e+02,-5.442319e+02,-5.442319e+02,-5.442319e+02,-5.442319e+02,-5.442319e+02,-5.442319e+02,-5.442319e+02,-5.442319e+02,-5.442319e+02,-5.442319e+02,-5.442319e+02,-5.442319e+02,-5.442319e+02,-5.442319e+02,-5.442319e+02,-5.442319e+02,-5.442319e+02,-5.442319e+02,-5.442319e+02,-5.442319e+02,-5.442319e+02,-5.442319e+02,-5.442319e+02,-5.442319e+02,-5.442319e+02,-5.442319e+02,-5.442319e+02,-5.442319e+02,-5.442319e+02,-5.442319e+02,-5.442319e+02,-5.442319e+02,-5.442319e+02,-5.442319e+02,-5.442319e+02,-5.442319e+02,-5.442319e+02,-5.442319e+02,-5.442319e+02,-5.442319e+02,-5.442319e+02,-5.442319e+02,-5.442319e+02,-5.442319e+02,-5.442319e+02,-5.442319e+02,-5.442319e+02,-5.442319e+02,-5.442319e+02,-5.442319e+02,-5.442319e+02,-5.442319e+02,-5.442319e+02,-5.442319e+02,-5.442319e+02,-5.442319e+02,-5.442319e+02,-5.442319e+02,-5.442319e+02,-5.442319e+02,-5.442319e+02,-5.442319e+02,-5.442319e+02,-5.442319e+02,-5.442319e+02,-5.442319e+02,-5.442319e+02,-5.442319e+02,-5.442319e+02,-5.442319e+02,-5.442319e+02,-5.442319e+02,-5.442319e+02,-5.442319e+02,-5.442319e+02,-5.442319e+02,-5.442319e+02,-5.442319e+02,-5.442319e+02,-5.442319e+02,-5.442319e+02,-5.442319e+02,-5.442319e+02,-5.442319e+02,-5.442319e+02,-5.442319e+02,-5.442319e+02,-5.442319e+02,-5.442319e+02,-5.442319e+02,-5.442319e+02,-5.442319e+02,-5.442319e+02,-5.442319e+02,-5.442319e+02,-5.442319e+02,-5.442319e+02,-5.442319e+02,-5.442319e+02,-5.442319e+02,-5.442319e+02,-5.442319e+02,-5.442319e+02,-5.442319e+02,-5.442319e+02,-5.442319e+02,-5.442319e+02,-5.442319e+02,-5.442319e+02,-5.442319e+02,-5.442319e+02,-5.442319e+02,-5.442319e+02,-5.442319e+02,-5.442319e+02,-5.442319e+02,-5.442319e+02,-5.442319e+02,-5.442319e+02,-5.442319e+02,-5.442319e+02,-5.442319e+02,-5.442319e+02,-5.442319e+02,-5.442319e+02,-5.442319e+02,-5.445266e+02,-5.445266e+02,-5.445266e+02,-5.445266e+02,-5.445266e+02,-5.445266e+02,-5.445266e+02,-5.445266e+02,-5.445266e+02,-5.445266e+02,-5.445266e+02,-5.445266e+02,-5.445266e+02,-5.445266e+02,-5.445266e+02,-5.445266e+02,-5.445266e+02,-5.445266e+02,-5.445266e+02,-5.445266e+02,-5.445266e+02,-5.445266e+02,-5.445266e+02,-5.445266e+02,-5.445266e+02,-5.445266e+02,-5.445266e+02,-5.445266e+02,-5.445266e+02,-5.445266e+02,-5.445266e+02,-5.445266e+02,-5.445266e+02,-5.445266e+02,-5.445266e+02,-5.445266e+02,-5.445266e+02,-5.445266e+02,-5.445266e+02,-5.445266e+02,-5.445266e+02,-5.445266e+02,-5.445266e+02,-5.445266e+02,-5.445266e+02,-5.445266e+02,-5.445266e+02,-5.445266e+02,-5.445266e+02,-5.445266e+02,-5.445266e+02,-5.445266e+02,-5.445266e+02,-5.445266e+02,-5.445266e+02,-5.445266e+02,-5.445266e+02,-5.445266e+02,-5.445266e+02,-5.445266e+02,-5.445266e+02,-5.445266e+02,-5.445266e+02,-5.445266e+02,-5.445266e+02,-5.445266e+02,-5.445266e+02,-5.445266e+02,-5.445266e+02,-5.445266e+02,-5.445266e+02,-5.445266e+02,-5.445266e+02,-5.445266e+02,-5.445266e+02,-5.445266e+02,-5.445266e+02,-5.445266e+02,-5.445266e+02,-5.445266e+02,-5.445266e+02,-5.445266e+02,-5.445266e+02,-5.445266e+02,-5.445266e+02,-5.445266e+02,-5.445266e+02,-5.445266e+02,-5.445266e+02,-5.445266e+02,-5.445266e+02,-5.445266e+02,-5.445266e+02,-5.445266e+02,-5.445266e+02,-5.445266e+02,-5.445266e+02,-5.445266e+02,-5.445266e+02,-5.445266e+02,-5.445266e+02,-5.445266e+02,-5.445266e+02,-5.445266e+02,-5.445266e+02,-5.445266e+02,-5.445266e+02,-5.445266e+02,-5.445266e+02,-5.445266e+02,-5.445266e+02,-5.445266e+02,-5.445266e+02,-5.445266e+02,-5.445266e+02,-5.445266e+02,-5.445266e+02,-5.445266e+02,-5.445266e+02,-5.445266e+02,-5.445266e+02,-5.445266e+02,-5.445266e+02,-5.445266e+02,-5.445266e+02,-5.445266e+02,-5.445266e+02,-5.445266e+02,-5.445266e+02,-5.445266e+02,-5.445266e+02,-5.445266e+02,-5.445266e+02,-5.445266e+02,-5.445266e+02,-5.445266e+02,-5.445266e+02,-5.445266e+02,-5.445266e+02,-5.445266e+02,-5.445266e+02,-5.445266e+02,-5.445266e+02,-5.445266e+02,-5.445266e+02,-5.445266e+02,-5.445266e+02,-5.445266e+02,-5.445266e+02,-5.445266e+02,-5.445266e+02,-5.445266e+02,-5.445266e+02,-5.445266e+02,-5.445266e+02,-5.445266e+02,-5.445266e+02,-5.445266e+02,-5.445266e+02,-5.445266e+02,-5.445266e+02,-5.445266e+02,-5.445266e+02,-5.445266e+02,-5.445266e+02,-5.445266e+02,-5.445266e+02,-5.445266e+02,-5.445266e+02,-5.445266e+02,-5.445266e+02,-5.445266e+02,-5.445266e+02,-5.445266e+02,-5.445266e+02,-5.445266e+02,-5.445266e+02,-5.445266e+02,-5.445266e+02,-5.445266e+02,-5.445266e+02,-5.445266e+02,-5.445266e+02,-5.445266e+02,-5.445266e+02,-5.445266e+02,-5.445266e+02,-5.445266e+02,-5.445266e+02,-5.445266e+02,-5.445266e+02,-5.445266e+02,-5.445266e+02,-5.445266e+02,-5.445266e+02,-5.445266e+02,-5.445266e+02,-5.445266e+02,-5.445266e+02,-5.445266e+02,-5.445266e+02,-5.445266e+02,-5.445266e+02,-5.445266e+02,-5.445266e+02,-5.445266e+02,-5.445266e+02,-5.445266e+02,-5.445266e+02,-5.445266e+02,-5.445266e+02,-5.445266e+02,-5.445266e+02,-5.445266e+02,-5.445266e+02,-5.445266e+02,-5.445266e+02,-5.445266e+02,-5.445266e+02,-5.445266e+02,-5.445266e+02,-5.445266e+02,-5.445266e+02,-5.445266e+02,-5.445266e+02,-5.445266e+02,-5.445266e+02,-5.445266e+02,-5.445266e+02,-5.445266e+02,-5.445266e+02,-5.445266e+02,-5.445266e+02,-5.445266e+02,-5.445266e+02,-5.445266e+02,-5.445266e+02,-5.445266e+02,-5.445266e+02,-5.445266e+02,-5.445266e+02,-5.445266e+02,-5.445266e+02,-5.445266e+02,-5.445266e+02,-5.445266e+02,-5.445266e+02,-5.445266e+02,-5.445266e+02,-5.445266e+02,-5.445266e+02,-5.445266e+02,-5.445266e+02,-5.445266e+02,-5.445266e+02,-5.445266e+02,-5.445266e+02,-5.445266e+02,-5.445266e+02,-5.445266e+02,-5.445266e+02,-5.445266e+02,-5.445266e+02,-5.445266e+02,-5.445266e+02,-5.445266e+02,-5.445266e+02,-5.445266e+02,-5.445266e+02,-5.445266e+02,-5.445266e+02,-5.445266e+02,-5.445266e+02,-5.445266e+02,-5.445266e+02,-5.445266e+02,-5.445266e+02,-5.445266e+02,-5.445266e+02,-5.445266e+02,-5.445266e+02,-5.445266e+02,-5.445266e+02,-5.445266e+02,-5.445266e+02,-5.445266e+02,-5.445266e+02,-5.445266e+02,-5.445266e+02,-5.445266e+02,-5.445266e+02,-5.445266e+02,-5.445266e+02,-5.445266e+02,-5.445266e+02,-5.445266e+02,-5.445266e+02,-5.445266e+02,-5.445266e+02,-5.445266e+02,-5.445266e+02,-5.445266e+02,-5.445266e+02,-5.445266e+02,-5.445266e+02,-5.445266e+02,-5.445266e+02,-5.445266e+02,-5.445266e+02,-5.445266e+02,-5.445266e+02,-5.445266e+02,-5.445266e+02,-5.445266e+02,-5.445266e+02,-5.445266e+02,-5.445266e+02,-5.445266e+02,-5.445266e+02,-5.445266e+02,-5.445266e+02,-5.445266e+02,-5.445266e+02,-5.445266e+02,-5.445266e+02,-5.445266e+02,-5.445266e+02,-5.445266e+02,-5.445266e+02,-5.445266e+02,-5.445266e+02,-5.445266e+02,-5.445266e+02,-5.445266e+02,-5.445266e+02,-5.445266e+02,-5.445266e+02,-5.445266e+02,-5.445266e+02,-5.445266e+02,-5.445266e+02,-5.445266e+02,-5.445266e+02,-5.445266e+02,-5.445266e+02,-5.445266e+02,-5.445266e+02,-5.445266e+02,-5.445266e+02,-5.445266e+02,-5.445266e+02,-5.445266e+02,-5.445266e+02,-5.445266e+02,-5.445266e+02,-5.445266e+02,-5.445266e+02,-5.445266e+02,-5.445266e+02,-5.445266e+02,-5.445266e+02,-5.445266e+02,-5.445266e+02,-5.445266e+02,-5.445266e+02,-5.445266e+02,-5.445266e+02,-5.445266e+02,-5.445266e+02,-5.445266e+02,-5.445266e+02,-5.445266e+02,-5.445266e+02,-5.445266e+02,-5.445266e+02,-5.445266e+02,-5.445266e+02,-5.445266e+02,-5.445266e+02,-5.445266e+02,-5.445266e+02,-5.445266e+02,-5.445266e+02,-5.445266e+02,-5.445266e+02,-5.445266e+02,-5.445266e+02,-5.445266e+02,-5.445266e+02,-5.445266e+02,-5.445266e+02,-5.445266e+02,-5.445266e+02,-5.445266e+02,-5.445266e+02,-5.445266e+02,-5.445266e+02,-5.445266e+02,-5.445266e+02,-5.445266e+02,-5.445266e+02,-5.445266e+02,-5.445266e+02,-5.445266e+02,-5.445266e+02,-5.445266e+02,-5.445266e+02,-5.445266e+02,-5.445266e+02,-5.445266e+02,-5.445266e+02,-5.445266e+02,-5.445266e+02,-5.445266e+02,-5.445266e+02,-5.445266e+02,-5.445266e+02,-5.445266e+02,-5.445266e+02,-5.445266e+02,-5.445266e+02,-5.445266e+02,-5.445266e+02,-5.445266e+02,-5.445266e+02,-5.445266e+02,-5.445266e+02,-5.445266e+02,-5.445266e+02,-5.445266e+02,-5.445266e+02,-5.445266e+02,-5.445266e+02,-5.445266e+02,-5.445266e+02,-5.445266e+02,-5.445266e+02,-5.445266e+02,-5.445266e+02,-5.445266e+02,-5.445266e+02,-5.445266e+02,-5.445266e+02,-5.445266e+02,-5.445266e+02,-5.445266e+02,-5.445266e+02,-5.445266e+02,-5.445266e+02,-5.445266e+02,-5.445266e+02,-5.445266e+02,-5.445266e+02,-5.445266e+02,-5.445266e+02,-5.445266e+02,-5.445266e+02,-5.445266e+02,-5.445266e+02,-5.445266e+02,-5.445266e+02,-5.445266e+02,-5.445266e+02,-5.445266e+02,-5.445266e+02,-5.445266e+02,-5.445266e+02,-5.445266e+02,-5.445266e+02,-5.445266e+02,-5.445266e+02,-5.445266e+02,-5.445266e+02,-5.445266e+02,-5.445266e+02,-5.445266e+02,-5.445266e+02,-5.445266e+02,-5.445266e+02,-5.445266e+02,-5.445266e+02,-5.445266e+02,-5.445266e+02,-5.445266e+02,-5.445266e+02,-5.445266e+02,-5.445266e+02,-5.445266e+02,-5.445266e+02,-5.445266e+02,-5.445266e+02,-5.445266e+02,-5.445266e+02,-5.445266e+02,-5.445266e+02,-5.445266e+02,-5.445266e+02,-5.445266e+02,-5.445266e+02,-5.445266e+02,-5.445266e+02,-5.445266e+02,-5.445266e+02,-5.445266e+02,-5.445266e+02,-5.445266e+02,-5.445266e+02,-5.445266e+02,-5.445266e+02,-5.445266e+02,-5.445266e+02,-5.445266e+02,-5.445266e+02,-5.445266e+02,-5.445266e+02,-5.445266e+02,-5.445266e+02,-5.445266e+02,-5.445266e+02,-5.445266e+02,-5.445266e+02,-5.445266e+02,-5.445266e+02,-5.445266e+02,-5.445266e+02,-5.445266e+02,-5.445266e+02,-5.445266e+02,-5.445266e+02,-5.445266e+02,-5.445266e+02,-5.445266e+02,-5.445266e+02,-5.445266e+02,-5.445266e+02,-5.445266e+02,-5.445266e+02,-5.445266e+02,-5.445266e+02,-5.445266e+02,-5.445266e+02,-5.445266e+02,-5.445266e+02,-5.445266e+02,-5.445266e+02,-5.445266e+02,-5.445266e+02,-5.445266e+02,-5.445266e+02,-5.445266e+02,-5.445266e+02,-5.445266e+02,-5.445266e+02,-5.445266e+02,-5.445266e+02,-5.445266e+02,-5.445266e+02,-5.445266e+02,-5.445266e+02,-5.445266e+02,-5.445266e+02,-5.445266e+02,-5.445266e+02,-5.445266e+02,-5.445266e+02,-5.445266e+02,-5.445266e+02,-5.445266e+02,-5.445266e+02,-5.445266e+02,-5.445266e+02,-5.445266e+02,-5.445266e+02,-5.445266e+02,-5.445266e+02,-5.445266e+02,-5.445266e+02,-5.445266e+02,-5.445266e+02,-5.445266e+02,-5.445266e+02,-5.445266e+02,-5.445266e+02,-5.445266e+02,-5.445266e+02,-5.445266e+02,-5.445266e+02,-5.445266e+02,-5.445266e+02,-5.445266e+02,-5.445266e+02,-5.445266e+02,-5.445266e+02,-5.445266e+02,-5.445266e+02,-5.445266e+02,-5.445266e+02,-5.445266e+02,-5.445266e+02,-5.445266e+02,-5.445266e+02,-5.445266e+02,-5.445266e+02,-5.445266e+02,-5.445266e+02,-5.445266e+02,-5.445266e+02,-5.445266e+02,-5.445266e+02,-5.445266e+02,-5.445266e+02,-5.445266e+02,-5.445266e+02,-5.445266e+02,-5.445266e+02,-5.445266e+02,-5.445266e+02,-5.445266e+02,-5.445266e+02,-5.445266e+02,-5.445266e+02,-5.445266e+02,-5.445266e+02,-5.445266e+02,-5.445266e+02,-5.445266e+02,-5.445266e+02,-5.445266e+02,-5.445266e+02,-5.445266e+02,-5.445266e+02,-5.445266e+02,-5.445266e+02,-5.445266e+02,-5.445266e+02,-5.445266e+02,-5.445266e+02,-5.445266e+02,-5.445266e+02,-5.445266e+02,-5.445266e+02,-5.445266e+02,-5.445266e+02,-5.445266e+02,-5.445266e+02,-5.445266e+02,-5.445266e+02,-5.445266e+02,-5.445266e+02,-5.445266e+02,-5.445266e+02,-5.445266e+02,-5.445266e+02,-5.445266e+02,-5.445266e+02,-5.445266e+02,-5.445266e+02,-5.445266e+02,-5.445266e+02,-5.445266e+02,-5.445266e+02,-5.445266e+02,-5.445266e+02,-5.445266e+02,-5.445266e+02,-5.445266e+02,-5.445266e+02,-5.445266e+02,-5.445266e+02,-5.445266e+02,-5.445266e+02,-5.445266e+02,-5.445266e+02,-5.445266e+02,-5.445266e+02,-5.445266e+02,-5.445266e+02,-5.445266e+02,-5.445266e+02,-5.445266e+02,-5.445266e+02,-5.445266e+02,-5.445266e+02,-5.445266e+02,-5.445266e+02,-5.445266e+02,-5.445266e+02,-5.445266e+02,-5.445266e+02,-5.445266e+02,-5.445266e+02,-5.445266e+02,-5.445266e+02,-5.445266e+02,-5.445266e+02,-5.445266e+02,-5.445266e+02,-5.449784e+02,-5.449784e+02,-5.449784e+02,-5.449784e+02,-5.449784e+02,-5.449784e+02,-5.449784e+02,-5.449784e+02,-5.449784e+02,-5.449784e+02,-5.449784e+02,-5.449784e+02,-5.449784e+02,-5.449784e+02,-5.449784e+02,-5.449784e+02,-5.449784e+02,-5.449784e+02,-5.449784e+02,-5.449784e+02,-5.449784e+02,-5.449784e+02,-5.449784e+02,-5.449784e+02,-5.449784e+02,-5.449784e+02,-5.449784e+02,-5.449784e+02,-5.449784e+02,-5.449784e+02,-5.449784e+02,-5.449784e+02,-5.449784e+02,-5.449784e+02,-5.449784e+02,-5.449784e+02,-5.449784e+02,-5.449784e+02,-5.449784e+02,-5.449784e+02,-5.449784e+02,-5.449784e+02,-5.449784e+02,-5.449784e+02,-5.449784e+02,-5.449784e+02,-5.449784e+02,-5.449784e+02,-5.449784e+02,-5.449784e+02,-5.449784e+02,-5.449784e+02,-5.449784e+02,-5.449784e+02,-5.449784e+02,-5.449784e+02,-5.449784e+02,-5.449784e+02,-5.449784e+02,-5.449784e+02,-5.449784e+02,-5.449784e+02,-5.449784e+02,-5.449784e+02,-5.449784e+02,-5.449784e+02,-5.449784e+02,-5.449784e+02,-5.449784e+02,-5.449784e+02,-5.449784e+02,-5.449784e+02,-5.449784e+02,-5.449784e+02,-5.449784e+02,-5.449784e+02,-5.449784e+02,-5.449784e+02,-5.449784e+02,-5.449784e+02,-5.449784e+02,-5.449784e+02,-5.449784e+02,-5.449784e+02,-5.449784e+02,-5.449784e+02,-5.449784e+02,-5.449784e+02,-5.449784e+02,-5.449784e+02,-5.449784e+02,-5.449784e+02,-5.449784e+02,-5.449784e+02,-5.449784e+02,-5.449784e+02,-5.449784e+02,-5.449784e+02,-5.449784e+02,-5.449784e+02,-5.449784e+02,-5.449784e+02,-5.449784e+02,-5.449784e+02,-5.449784e+02,-5.449784e+02,-5.449784e+02,-5.449784e+02,-5.449784e+02,-5.449784e+02,-5.449784e+02,-5.449784e+02,-5.449784e+02,-5.449784e+02,-5.449784e+02,-5.449784e+02,-5.449784e+02,-5.449784e+02,-5.449784e+02,-5.449784e+02,-5.449784e+02,-5.449784e+02,-5.449784e+02,-5.449784e+02,-5.449784e+02,-5.449784e+02,-5.449784e+02,-5.449784e+02,-5.449784e+02,-5.449784e+02,-5.449784e+02,-5.449784e+02,-5.449784e+02,-5.449784e+02,-5.449784e+02,-5.449784e+02,-5.449784e+02,-5.449784e+02,-5.449784e+02,-5.449784e+02,-5.449784e+02,-5.449784e+02,-5.449784e+02,-5.449784e+02,-5.449784e+02,-5.449784e+02,-5.449784e+02,-5.449784e+02,-5.449784e+02,-5.449784e+02,-5.449784e+02,-5.449784e+02,-5.449784e+02,-5.449784e+02,-5.449784e+02,-5.449784e+02,-5.449784e+02,-5.449784e+02,-5.449784e+02,-5.449784e+02,-5.449784e+02,-5.449784e+02,-5.449784e+02,-5.449784e+02,-5.449784e+02,-5.449784e+02,-5.449784e+02,-5.449784e+02,-5.449784e+02,-5.449784e+02,-5.449784e+02,-5.449784e+02,-5.449784e+02,-5.449784e+02,-5.449784e+02,-5.449784e+02,-5.449784e+02,-5.449784e+02,-5.449784e+02,-5.449784e+02,-5.449784e+02,-5.449784e+02,-5.449784e+02,-5.449784e+02,-5.449784e+02,-5.449784e+02,-5.449784e+02,-5.449784e+02,-5.449784e+02,-5.449784e+02,-5.449784e+02,-5.449784e+02,-5.449784e+02,-5.449784e+02,-5.449784e+02,-5.449784e+02,-5.449784e+02,-5.449784e+02,-5.449784e+02,-5.449784e+02,-5.449784e+02,-5.449784e+02,-5.449784e+02,-5.449784e+02,-5.449784e+02,-5.449784e+02,-5.449784e+02,-5.449784e+02,-5.449784e+02,-5.449784e+02,-5.449784e+02,-5.449784e+02,-5.449784e+02,-5.449784e+02,-5.449784e+02,-5.449784e+02,-5.449784e+02,-5.449784e+02,-5.449784e+02,-5.449784e+02,-5.449784e+02,-5.449784e+02,-5.449784e+02,-5.449784e+02,-5.449784e+02,-5.449784e+02,-5.449784e+02,-5.449784e+02,-5.449784e+02,-5.449784e+02,-5.449784e+02,-5.449784e+02,-5.449784e+02,-5.449784e+02,-5.449784e+02,-5.449784e+02,-5.449784e+02,-5.449784e+02,-5.449784e+02,-5.449784e+02,-5.449784e+02,-5.449784e+02,-5.449784e+02,-5.449784e+02,-5.449784e+02,-5.449784e+02,-5.449784e+02,-5.449784e+02,-5.449784e+02,-5.449784e+02,-5.449784e+02,-5.449784e+02,-5.449784e+02,-5.449784e+02,-5.449784e+02,-5.449784e+02,-5.449784e+02,-5.449784e+02,-5.449784e+02,-5.449784e+02,-5.449784e+02,-5.449784e+02,-5.449784e+02,-5.449784e+02,-5.449784e+02,-5.449784e+02,-5.449784e+02,-5.449784e+02,-5.449784e+02,-5.449784e+02,-5.449784e+02,-5.449784e+02,-5.449784e+02,-5.449784e+02,-5.449784e+02,-5.449784e+02,-5.449784e+02,-5.449784e+02,-5.449784e+02,-5.449784e+02,-5.449784e+02,-5.449784e+02,-5.449784e+02,-5.449784e+02,-5.449784e+02,-5.449784e+02,-5.449784e+02,-5.449784e+02,-5.449784e+02,-5.449784e+02,-5.449784e+02,-5.449784e+02,-5.449784e+02,-5.449784e+02,-5.449784e+02,-5.449784e+02,-5.449784e+02,-5.449784e+02,-5.449784e+02,-5.449784e+02,-5.449784e+02,-5.449784e+02,-5.449784e+02,-5.449784e+02,-5.449784e+02,-5.449784e+02,-5.449784e+02,-5.449784e+02,-5.449784e+02,-5.449784e+02,-5.449784e+02,-5.449784e+02,-5.449784e+02,-5.449784e+02,-5.449784e+02,-5.449784e+02,-5.449784e+02,-5.449784e+02,-5.449784e+02,-5.449784e+02,-5.449784e+02,-5.449784e+02,-5.449784e+02,-5.449784e+02,-5.449784e+02,-5.449784e+02,-5.449784e+02,-5.449784e+02,-5.449784e+02,-5.449784e+02,-5.449784e+02,-5.449784e+02,-5.449784e+02,-5.449784e+02,-5.449784e+02,-5.449784e+02,-5.449784e+02,-5.449784e+02,-5.449784e+02,-5.449784e+02,-5.449784e+02,-5.449784e+02,-5.449784e+02,-5.449784e+02,-5.449784e+02,-5.449784e+02,-5.449784e+02,-5.449784e+02,-5.449784e+02,-5.449784e+02,-5.449784e+02,-5.449784e+02,-5.449784e+02,-5.449784e+02,-5.449784e+02,-5.449784e+02,-5.449784e+02,-5.449784e+02,-5.449784e+02,-5.449784e+02,-5.449784e+02,-5.449784e+02,-5.449784e+02,-5.449784e+02,-5.449784e+02,-5.449784e+02,-5.449784e+02,-5.449784e+02,-5.449784e+02,-5.449784e+02,-5.449784e+02,-5.449784e+02,-5.449784e+02,-5.449784e+02,-5.449784e+02,-5.449784e+02,-5.449784e+02,-5.449784e+02,-5.449784e+02,-5.449784e+02,-5.449784e+02,-5.449784e+02,-5.449784e+02,-5.449784e+02,-5.449784e+02,-5.449784e+02,-5.449784e+02,-5.449784e+02,-5.449784e+02,-5.449784e+02,-5.449784e+02,-5.449784e+02,-5.449784e+02,-5.449784e+02,-5.449784e+02,-5.449784e+02,-5.449784e+02,-5.449784e+02,-5.449784e+02,-5.449784e+02,-5.449784e+02,-5.449784e+02,-5.449784e+02,-5.449784e+02,-5.449784e+02,-5.449784e+02,-5.449784e+02,-5.449784e+02,-5.449784e+02,-5.449784e+02,-5.449784e+02,-5.449784e+02,-5.449784e+02,-5.449784e+02,-5.449784e+02,-5.449784e+02,-5.449784e+02,-5.449784e+02,-5.449784e+02,-5.449784e+02,-5.449784e+02,-5.449784e+02,-5.449784e+02,-5.449784e+02,-5.449784e+02,-5.449784e+02,-5.449784e+02,-5.449784e+02,-5.449784e+02,-5.449784e+02,-5.449784e+02,-5.449784e+02,-5.449784e+02,-5.449784e+02,-5.449784e+02,-5.449784e+02,-5.449784e+02,-5.449784e+02,-5.449784e+02,-5.449784e+02,-5.449784e+02,-5.449784e+02,-5.449784e+02,-5.449784e+02,-5.449784e+02,-5.449784e+02,-5.449784e+02,-5.449784e+02,-5.449784e+02,-5.449784e+02,-5.449784e+02,-5.449784e+02,-5.449784e+02,-5.449784e+02,-5.449784e+02,-5.449784e+02,-5.449784e+02,-5.449784e+02,-5.449784e+02,-5.449784e+02,-5.449784e+02,-5.449784e+02,-5.449784e+02,-5.449784e+02,-5.449784e+02,-5.449784e+02,-5.449784e+02,-5.449784e+02,-5.449784e+02,-5.449784e+02,-5.449784e+02,-5.449784e+02,-5.449784e+02,-5.449784e+02,-5.449784e+02,-5.449784e+02,-5.449784e+02,-5.449784e+02,-5.449784e+02,-5.449784e+02,-5.449784e+02,-5.449784e+02,-5.449784e+02,-5.449784e+02,-5.449784e+02,-5.449784e+02,-5.449784e+02,-5.449784e+02,-5.449784e+02,-5.449784e+02,-5.449784e+02,-5.449784e+02,-5.449784e+02,-5.449784e+02,-5.449784e+02,-5.449784e+02,-5.449784e+02,-5.449784e+02,-5.449784e+02,-5.449784e+02,-5.449784e+02,-5.449784e+02,-5.449784e+02,-5.449784e+02,-5.449784e+02,-5.449784e+02,-5.449784e+02,-5.449784e+02,-5.449784e+02,-5.449784e+02,-5.449784e+02,-5.449784e+02,-5.449784e+02,-5.449784e+02,-5.449784e+02,-5.449784e+02,-5.449784e+02,-5.449784e+02,-5.449784e+02,-5.449784e+02,-5.449784e+02,-5.449784e+02,-5.449784e+02,-5.449784e+02,-5.449784e+02,-5.449784e+02,-5.449784e+02,-5.449784e+02,-5.449784e+02,-5.449784e+02,-5.449784e+02,-5.449784e+02,-5.449784e+02,-5.449784e+02,-5.449784e+02,-5.449784e+02,-5.449784e+02,-5.449784e+02,-5.449784e+02,-5.449784e+02,-5.449784e+02,-5.449784e+02,-5.449784e+02,-5.449784e+02,-5.449784e+02,-5.449784e+02,-5.449784e+02,-5.449784e+02,-5.449784e+02,-5.449784e+02,-5.449784e+02,-5.449784e+02,-5.449784e+02,-5.449784e+02,-5.449784e+02,-5.449784e+02,-5.449784e+02,-5.449784e+02,-5.449784e+02,-5.449784e+02,-5.449784e+02,-5.449784e+02,-5.449784e+02,-5.449784e+02,-5.449784e+02,-5.449784e+02,-5.449784e+02,-5.449784e+02,-5.449784e+02,-5.449784e+02,-5.449784e+02,-5.449784e+02,-5.449784e+02,-5.449784e+02,-5.449784e+02,-5.449784e+02,-5.449784e+02,-5.449784e+02,-5.449784e+02,-5.449784e+02,-5.449784e+02,-5.449784e+02,-5.449784e+02,-5.449784e+02,-5.449784e+02,-5.449784e+02,-5.449784e+02,-5.449784e+02,-5.449784e+02,-5.449784e+02,-5.449784e+02,-5.449784e+02,-5.449784e+02,-5.449784e+02,-5.449784e+02,-5.449784e+02,-5.449784e+02,-5.449784e+02,-5.449784e+02,-5.449784e+02,-5.449784e+02,-5.449784e+02,-5.449784e+02,-5.449784e+02,-5.449784e+02,-5.449784e+02,-5.449784e+02,-5.449784e+02,-5.449784e+02,-5.449784e+02,-5.449784e+02,-5.449784e+02,-5.449784e+02,-5.449784e+02,-5.449784e+02,-5.449784e+02,-5.449784e+02,-5.449784e+02,-5.449784e+02,-5.449784e+02,-5.449784e+02,-5.449784e+02,-5.449784e+02,-5.449784e+02,-5.449784e+02,-5.449784e+02,-5.449784e+02,-5.449784e+02,-5.449784e+02,-5.449784e+02,-5.449784e+02,-5.449784e+02,-5.449784e+02,-5.449784e+02,-5.449784e+02,-5.449784e+02,-5.449784e+02,-5.449784e+02,-5.449784e+02,-5.449784e+02,-5.449784e+02,-5.449784e+02,-5.449784e+02,-5.449784e+02,-5.449784e+02,-5.449784e+02,-5.449784e+02,-5.449784e+02,-5.449784e+02,-5.449784e+02,-5.449784e+02,-5.449784e+02,-5.449784e+02,-5.449784e+02,-5.449784e+02,-5.449784e+02,-5.449784e+02,-5.449784e+02,-5.449784e+02,-5.449784e+02,-5.449784e+02,-5.449784e+02,-5.449784e+02,-5.449784e+02,-5.449784e+02,-5.449784e+02,-5.449784e+02,-5.449784e+02,-5.449784e+02,-5.449784e+02,-5.449784e+02,-5.449784e+02,-5.449784e+02,-5.449784e+02,-5.449784e+02,-5.449784e+02,-5.449784e+02,-5.449784e+02,-5.449784e+02,-5.449784e+02,-5.449784e+02,-5.449784e+02,-5.449784e+02,-5.449784e+02,-5.449784e+02,-5.449784e+02,-5.449784e+02,-5.449784e+02,-5.449784e+02,-5.449784e+02,-5.449784e+02,-5.449784e+02,-5.449784e+02,-5.449784e+02,-5.449784e+02,-5.449784e+02,-5.449784e+02,-5.449784e+02,-5.449784e+02,-5.449784e+02,-5.449784e+02,-5.449784e+02,-5.449784e+02,-5.449784e+02,-5.449784e+02,-5.449784e+02,-5.449784e+02,-5.449784e+02,-5.449784e+02,-5.449784e+02,-5.449784e+02,-5.449784e+02,-5.449784e+02,-5.449784e+02,-5.449784e+02,-5.449784e+02,-5.449784e+02,-5.449784e+02,-5.449784e+02,-5.449784e+02,-5.449784e+02,-5.449784e+02,-5.449784e+02,-5.449784e+02,-5.449784e+02,-5.449784e+02,-5.449784e+02,-5.449784e+02,-5.449784e+02,-5.449784e+02,-5.449784e+02,-5.449784e+02,-5.449784e+02,-5.449784e+02,-5.449784e+02,-5.449784e+02,-5.449784e+02,-5.449784e+02,-5.449784e+02,-5.449784e+02,-5.449784e+02,-5.449784e+02,-5.449784e+02,-5.449784e+02,-5.449784e+02,-5.449784e+02,-5.449784e+02,-5.449784e+02,-5.449784e+02,-5.449784e+02,-5.449784e+02,-5.449784e+02,-5.449784e+02,-5.449784e+02,-5.449784e+02,-5.449784e+02,-5.449784e+02,-5.449784e+02,-5.449784e+02,-5.449784e+02,-5.449784e+02,-5.449784e+02,-5.449784e+02,-5.449784e+02,-5.449784e+02,-5.449784e+02,-5.449784e+02,-5.449784e+02,-5.449784e+02,-5.449784e+02,-5.449784e+02,-5.449784e+02,-5.449784e+02,-5.449784e+02,-5.449784e+02,-5.449784e+02,-5.449784e+02,-5.449784e+02,-5.449784e+02,-5.449784e+02,-5.449784e+02,-5.449784e+02,-5.449784e+02,-5.449784e+02,-5.449784e+02,-5.449784e+02,-5.449784e+02,-5.449784e+02,-5.449784e+02,-5.449784e+02,-5.449784e+02,-5.449784e+02,-5.449784e+02,-5.449784e+02,-5.449784e+02,-5.449784e+02,-5.449784e+02,-5.449784e+02,-5.449784e+02,-5.449784e+02"
2,2000,0.0895,-5.450641e+02,"2.026320e+04,1.412039e+03,1.412039e+03,1.412039e+03,1.412039e+03,1.412039e+03,1.412039e+03,1.412039e+03,1.412039e+03,1.412039e+03,-1.946683e+02,-1.946683e+02,-1.946683e+02,-1.946683e+02,-1.946683e+02,-1.946683e+02,-1.946683e+02,-1.946683e+02,-1.946683e+02,-1.946683e+02,-1.946683e+02,-1.946683e+02,-1.946683e+02,-1.946683e+02,-1.946683e+02,-1.946683e+02,-1.946683e+02,-1.946683e+02,-1.946683e+02,-1.946683e+02,-1.946683e+02,-1.946683e+02,-1.946683e+02,-5.294650e+02,-5.294650e+02,-5.294650e+02,-5.294650e+02,-5.294650e+02,-5.294650e+02,-5.294650e+02,-5.294650e+02,-5.294650e+02,-5.294650e+02,-5.294650e+02,-5.294650e+02,-5.294650e+02,-5.294650e+02,-5.294650e+02,-5.419520e+02,-5.419520e+02,-5.419520e+02,-5.419520e+02,-5.419520e+02,-5.419520e+02,-5.419520e+02,-5.419520e+02,-5.419520e+02,-5.419520e+02,-5.419520e+02,-5.419520e+02,-5.419520e+02,-5.419520e+02,-5.419520e+02,-5.419520e+02,-5.419520e+02,-5.419520e+02,-5.419520e+02,-5.419520e+02,-5.419520e+02,-5.419520e+02,-5.419520e+02,-5.419520e+02,-5.419520e+02,-5.419520e+02,-5.419520e+02,-5.419520e+02,-5.419520e+02,-5.419520e+02,-5.419520e+02,-5.419520e+02,-5.419520e+02,-5.419520e+02,-5.421309e+02,-5.421309e+02,-5.421309e+02,-5.421309e+02,-5.421309e+02,-5.421309e+02,-5.421309e+02,-5.421309e+02,-5.421309e+02,-5.421309e+02,-5.421309e+02,-5.421309e+02,-5.421309e+02,-5.421309e+02,-5.421309e+02,-5.421309e+02,-5.421309e+02,-5.421309e+02,-5.421309e+02,-5.421309e+02,-5.421309e+02,-5.421309e+02,-5.421309e+02,-5.421309e+02,-5.421309e+02,-5.421309e+02,-5.421309e+02,-5.421309e+02,-5.421309e+02,-5.433344e+02,-5.433344e+02,-5.433344e+02,-5.433344e+02,-5.433344e+02,-5.433344e+02,-5.433344e+02,-5.433344e+02,-5.433344e+02,-5.433344e+02,-5.433344e+02,-5.433344e+02,-5.433344e+02,-5.433344e+02,-5.433344e+02,-5.433344e+02,-5.433344e+02,-5.433344e+02,-5.433344e+02,-5.433344e+02,-5.433344e+02,-5.433344e+02,-5.433344e+02,-5.433344e+02,-5.433344e+02,-5.436225e+02,-5.436225e+02,-5.436225e+02,-5.436225e+02,-5.436225e+02,-5.436225e+02,-5.436225e+02,-5.436225e+02,-5.436225e+02,-5.436225e+02,-5.436225e+02,-5.436225e+02,-5.436225e+02,-5.436225e+02,-5.436225e+02,-5.436225e+02,-5.436225e+02,-5.436225e+02,-5.436225e+02,-5.436225e+02,-5.436225e+02,-5.436225e+02,-5.436225e+02,-5.436225e+02,-5.436225e+02,-5.436225e+02,-5.436225e+02,-5.436225e+02,-5.436225e+02,-5.436225e+02,-5.436225e+02,-5.436225e+02,-5.436225e+02,-5.436225e+02,-5.436225e+02,-5.436225e+02,-5.436225e+02,-5.437101e+02,-5.437101e+02,-5.437101e+02,-5.437101e+02,-5.437101e+02,-5.440090e+02,-5.440090e+02,-5.440090e+02,-5.440090e+02,-5.440090e+02,-5.440090e+02,-5.440090e+02,-5.440090e+02,-5.440090e+02,-5.440090e+02,-5.440090e+02,-5.440090e+02,-5.440090e+02,-5.440090e+02,-5.440090e+02,-5.440090e+02,-5.440090e+02,-5.440090e+02,-5.440090e+02,-5.440090e+02,-5.440090e+02,-5.440090e+02,-5.440090e+02,-5.440090e+02,-5.440090e+02,-5.440090e+02,-5.440090e+02,-5.440090e+02,-5.440090e+02,-5.440090e+02,-5.440090e+02,-5.440090e+02,-5.440090e+02,-5.440090e+02,-5.440090e+02,-5.440090e+02,-5.440090e+02,-5.440090e+02,-5.440090e+02,-5.440090e+02,-5.440090e+02,-5.440090e+02,-5.440090e+02,-5.440090e+02,-5.440090e+02,-5.440090e+02,-5.440090e+02,-5.440090e+02,-5.440090e+02,-5.440090e+02,-5.440090e+02,-5.440090e+02,-5.440090e+02,-5.440090e+02,-5.440090e+02,-5.444355e+02,-5.444355e+02,-5.444355e+02,-5.444355e+02,-5.444355e+02,-5.444355e+02,-5.444355e+02,-5.444355e+02,-5.444355e+02,-5.444355e+02,-5.444355e+02,-5.444355e+02,-5.444355e+02,-5.444355e+02,-5.444355e+02,-5.444355e+02,-5.444355e+02,-5.444355e+02,-5.444355e+02,-5.444355e+02,-5.444355e+02,-5.444355e+02,-5.444355e+02,-5.444355e+02,-5.444355e+02,-5.444355e+02,-5.444355e+02,-5.444355e+02,-5.444355e+02,-5.444355e+02,-5.444355e+02,-5.444355e+02,-5.444355e+02,-5.444355e+02,-5.444355e+02,-5.444355e+02,-5.444355e+02,-5.444355e+02,-5.444355e+02,-5.444355e+02,-5.444355e+02,-5.444355e+02,-5.444355e+02,-5.444355e+02,-5.444355e+02,-5.444355e+02,-5.444355e+02,-5.444355e+02,-5.444355e+02,-5.444355e+02,-5.444355e+02,-5.444355e+02,-5.444355e+02,-5.444355e+02,-5.444355e+02,-5.444355e+02,-5.444355e+02,-5.444355e+02,-5.444355e+02,-5.444355e+02,-5.444355e+02,-5.444355e+02,-5.444355e+02,-5.444355e+02,-5.444355e+02,-5.444355e+02,-5.444355e+02,-5.444355e+02,-5.444355e+02,-5.444355e+02,-5.444355e+02,-5.444355e+02,-5.444355e+02,-5.444355e+02,-5.444355e+02,-5.444355e+02,-5.444355e+02,-5.444355e+02,-5.444355e+02,-5.444355e+02,-5.444355e+02,-5.444355e+02,-5.444355e+02,-5.444355e+02,-5.444355e+02,-5.444355e+02,-5.444355e+02,-5.444355e+02,-5.444355e+02,-5.444355e+02,-5.444355e+02,-5.444355e+02,-5.444355e+02,-5.444355e+02,-5.444355e+02,-5.444355e+02,-5.444355e+02,-5.444355e+02,-5.444355e+02,-5.444355e+02,-5.444355e+02,-5.444355e+02,-5.444355e+02,-5.444355e+02,-5.444355e+02,-5.444355e+02,-5.444355e+02,-5.444355e+02,-5.444355e+02,-5.444355e+02,-5.444355e+02,-5.444355e+02,-5.444355e+02,-5.444355e+02,-5.444355e+02,-5.444355e+02,-5.444355e+02,-5.444355e+02,-5.444355e+02,-5.444355e+02,-5.444355e+02,-5.444355e+02,-5.444355e+02,-5.444355e+02,-5.444355e+02,-5.444355e+02,-5.444355e+02,-5.444355e+02,-5.444355e+02,-5.444355e+02,-5.444355e+02,-5.444355e+02,-5.444355e+02,-5.444355e+02,-5.444355e+02,-5.444355e+02,-5.444355e+02,-5.444355e+02,-5.444355e+02,-5.444355e+02,-5.444355e+02,-5.444355e+02,-5.444355e+02,-5.444355e+02,-5.444355e+02,-5.444355e+02,-5.444355e+02,-5.444355e+02,-5.444355e+02,-5.444355e+02,-5.444355e+02,-5.444355e+02,-5.444355e+02,-5.444355e+02,-5.444355e+02,-5.444355e+02,-5.444355e+02,-5.444355e+02,-5.444355e+02,-5.444355e+02,-5.444355e+02,-5.444355e+02,-5.444355e+02,-5.444355e+02,-5.444355e+02,-5.444355e+02,-5.444355e+02,-5.444355e+02,-5.444355e+02,-5.444355e+02,-5.444355e+02,-5.444355e+02,-5.444355e+02,-5.444355e+02,-5.444355e+02,-5.444355e+02,-5.444355e+02,-5.444355e+02,-5.444355e+02,-5.444355e+02,-5.444355e+02,-5.444355e+02,-5.444355e+02,-5.444355e+02,-5.444355e+02,-5.444355e+02,-5.444355e+02,-5.444355e+02,-5.444355e+02,-5.444355e+02,-5.444355e+02,-5.444355e+02,-5.444355e+02,-5.444355e+02,-5.444355e+02,-5.444355e+02,-5.444355e+02,-5.444355e+02,-5.444355e+02,-5.444355e+02,-5.444355e+02,-5.444355e+02,-5.444355e+02,-5.444355e+02,-5.444355e+02,-5.444355e+02,-5.444355e+02,-5.444355e+02,-5.444355e+02,-5.444355e+02,-5.444355e+02,-5.444355e+02,-5.444355e+02,-5.444355e+02,-5.444355e+02,-5.444355e+02,-5.444355e+02,-5.444355e+02,-5.444355e+02,-5.444355e+02,-5.444355e+02,-5.444355e+02,-5.444355e+02,-5.444355e+02,-5.444355e+02,-5.444355e+02,-5.444355e+02,-5.444355e+02,-5.444355e+02,-5.444355e+02,-5.444355e+02,-5.444355e+02,-5.444355e+02,-5.444355e+02,-5.444355e+02,-5.444355e+02,-5.444355e+02,-5.444355e+02,-5.444355e+02,-5.444355e+02,-5.444355e+02,-5.444355e+02,-5.444355e+02,-5.444355e+02,-5.444355e+02,-5.444355e+02,-5.444355e+02,-5.444355e+02,-5.444355e+02,-5.444355e+02,-5.444355e+02,-5.444355e+02,-5.444355e+02,-5.444355e+02,-5.444355e+02,-5.444355e+02,-5.444355e+02,-5.444355e+02,-5.444355e+02,-5.444355e+02,-5.444355e+02,-5.444355e+02,-5.444355e+02,-5.444355e+02,-5.444355e+02,-5.444355e+02,-5.444355e+02,-5.444355e+02,-5.444355e+02,-5.444355e+02,-5.444355e+02,-5.444355e+02,-5.444355e+02,-5.444355e+02,-5.444355e+02,-5.444355e+02,-5.444355e+02,-5.444355e+02,-5.444355e+02,-5.444355e+02,-5.444355e+02,-5.444355e+02,-5.444355e+02,-5.444355e+02,-5.444355e+02,-5.444355e+02,-5.444355e+02,-5.444355e+02,-5.444355e+02,-5.444355e+02,-5.444355e+02,-5.444355e+02,-5.444355e+02,-5.444355e+02,-5.444355e+02,-5.444355e+02,-5.444355e+02,-5.444355e+02,-5.444355e+02,-5.444355e+02,-5.444355e+02,-5.444355e+02,-5.444355e+02,-5.444355e+02,-5.444355e+02,-5.444355e+02,-5.444355e+02,-5.444355e+02,-5.444355e+02,-5.444355e+02,-5.444355e+02,-5.444355e+02,-5.444355e+02,-5.444355e+02,-5.444355e+02,-5.444355e+02,-5.444355e+02,-5.444355e+02,-5.444355e+02,-5.444355e+02,-5.444355e+02,-5.444355e+02,-5.444355e+02,-5.444355e+02,-5.444355e+02,-5.444355e+02,-5.444355e+02,-5.444355e+02,-5.444355e+02,-5.444355e+02,-5.444355e+02,-5.444355e+02,-5.444355e+02,-5.444355e+02,-5.444355e+02,-5.444355e+02,-5.444355e+02,-5.444355e+02,-5.444355e+02,-5.444355e+02,-5.444355e+02,-5.444355e+02,-5.444355e+02,-5.444355e+02,-5.444355e+02,-5.444355e+02,-5.444355e+02,-5.444355e+02,-5.444355e+02,-5.444355e+02,-5.444355e+02,-5.444355e+02,-5.444355e+02,-5.444355e+02,-5.444355e+02,-5.444355e+02,-5.444355e+02,-5.444355e+02,-5.444355e+02,-5.444355e+02,-5.444355e+02,-5.444355e+02,-5.444355e+02,-5.444355e+02,-5.444355e+02,-5.444355e+02,-5.444355e+02,-5.444355e+02,-5.444355e+02,-5.444355e+02,-5.444355e+02,-5.444355e+02,-5.444355e+02,-5.444355e+02,-5.444355e+02,-5.444355e+02,-5.444355e+02,-5.444355e+02,-5.444355e+02,-5.444355e+02,-5.444355e+02,-5.444355e+02,-5.444355e+02,-5.444355e+02,-5.444355e+02,-5.444355e+02,-5.444355e+02,-5.444355e+02,-5.444355e+02,-5.444355e+02,-5.444355e+02,-5.444355e+02,-5.444355e+02,-5.444355e+02,-5.444355e+02,-5.444355e+02,-5.444355e+02,-5.444355e+02,-5.444355e+02,-5.444355e+02,-5.444355e+02,-5.444355e+02,-5.444355e+02,-5.444355e+02,-5.444355e+02,-5.444355e+02,-5.444355e+02,-5.444355e+02,-5.444355e+02,-5.444355e+02,-5.444355e+02,-5.444355e+02,-5.444355e+02,-5.444355e+02,-5.444355e+02,-5.444355e+02,-5.444355e+02,-5.444355e+02,-5.444355e+02,-5.444355e+02,-5.444355e+02,-5.444355e+02,-5.444355e+02,-5.444355e+02,-5.444355e+02,-5.444355e+02,-5.444355e+02,-5.444355e+02,-5.444355e+02,-5.444355e+02,-5.444355e+02,-5.444355e+02,-5.444355e+02,-5.444355e+02,-5.444355e+02,-5.444355e+02,-5.444355e+02,-5.444355e+02,-5.444355e+02,-5.444355e+02,-5.444355e+02,-5.444355e+02,-5.444355e+02,-5.444355e+02,-5.444355e+02,-5.444355e+02,-5.444355e+02,-5.444355e+02,-5.444355e+02,-5.444355e+02,-5.444355e+02,-5.444355e+02,-5.444355e+02,-5.444355e+02,-5.444355e+02,-5.444355e+02,-5.444355e+02,-5.444355e+02,-5.444355e+02,-5.444355e+02,-5.444355e+02,-5.444355e+02,-5.444355e+02,-5.444355e+02,-5.444355e+02,-5.444355e+02,-5.444355e+02,-5.444355e+02,-5.444355e+02,-5.444355e+02,-5.444355e+02,-5.444355e+02,-5.444355e+02,-5.444355e+02,-5.444355e+02,-5.444355e+02,-5.444355e+02,-5.444355e+02,-5.444355e+02,-5.444355e+02,-5.444355e+02,-5.444355e+02,-5.444355e+02,-5.444355e+02,-5.444355e+02,-5.444355e+02,-5.444355e+02,-5.444355e+02,-5.444355e+02,-5.444355e+02,-5.444355e+02,-5.444355e+02,-5.444355e+02,-5.444355e+02,-5.444355e+02,-5.444355e+02,-5.444355e+02,-5.444355e+02,-5.444355e+02,-5.444355e+02,-5.444355e+02,-5.444355e+02,-5.444355e+02,-5.444355e+02,-5.444355e+02,-5.444355e+02,-5.444355e+02,-5.444355e+02,-5.444355e+02,-5.444355e+02,-5.444355e+02,-5.444355e+02,-5.444355e+02,-5.444355e+02,-5.444355e+02,-5.444355e+02,-5.444355e+02,-5.444355e+02,-5.444355e+02,-5.444355e+02,-5.444355e+02,-5.444355e+02,-5.444355e+02,-5.444355e+02,-5.444355e+02,-5.444355e+02,-5.444355e+02,-5.444355e+02,-5.444355e+02,-5.444355e+02,-5.444355e+02,-5.444355e+02,-5.444355e+02,-5.444355e+02,-5.444355e+02,-5.444355e+02,-5.444355e+02,-5.444355e+02,-5.444355e+02,-5.444355e+02,-5.444355e+02,-5.444355e+02,-5.444355e+02,-5.444355e+02,-5.444355e+02,-5.444355e+02,-5.444355e+02,-5.444355e+02,-5.444355e+02,-5.444355e+02,-5.444355e+02,-5.444355e+02,-5.444355e+02,-5.444355e+02,-5.444355e+02,-5.444355e+02,-5.444355e+02,-5.444355e+02,-5.444355e+02,-5.444355e+02,-5.444355e+02,-5.444355e+02,-5.444355e+02,-5.444355e+02,-5.444355e+02,-5.444355e+02,-5.444355e+02,-5.444355e+02,-5.444355e+02,-5.444355e+02,-5.444355e+02,-5.444355e+02,-5.444355e+02,-5.444355e+02,-5.444355e+02,-5.444355e+02,-5.444355e+02,-5.444355e+02,-5.444355e+02,-5.444355e+02,-5.444355e+02,-5.444355e+02,-5.444355e+02,-5.444355e+02,-5.444355e+02,-5.444355e+02,-5.444355e+02,-5.444355e+02,-5.444355e+02,-5.444355e+02,-5.444355e+02,-5.444355e+02,-5.444355e+02,-5.444355e+02,-5.444355e+02,-5.444355e+02,-5.444355e+02,-5.444355e+02,-5.444355e+02,-5.444355e+02,-5.444355e+02,-5.444355e+02,-5.444355e+02,-5.444355e+02,-5.444355e+02,-5.444355e+02,-5.444355e+02,-5.444355e+02,-5.444355e+02,-5.444355e+02,-5.444355e+02,-5.444355e+02,-5.444355e+02,-5.444355e+02,-5.444355e+02,-5.444355e+02,-5.444355e+02,-5.444355e+02,-5.444355e+02,-5.444355e+02,-5.444355e+02,-5.444355e+02,-5.444355e+02,-5.444355e+02,-5.444355e+02,-5.444355e+02,-5.444355e+02,-5.444355e+02,-5.444355e+02,-5.444355e+02,-5.444355e+02,-5.444355e+02,-5.444355e+02,-5.444355e+02,-5.444355e+02,-5.444355e+02,-5.444355e+02,-5.444355e+02,-5.444355e+02,-5.444355e+02,-5.444355e+02,-5.444355e+02,-5.444355e+02,-5.444355e+02,-5.444355e+02,-5.444355e+02,-5.444355e+02,-5.444355e+02,-5.444355e+02,-5.444355e+02,-5.444355e+02,-5.444355e+02,-5.444355e+02,-5.444355e+02,-5.444355e+02,-5.444355e+02,-5.444355e+02,-5.444355e+02,-5.444355e+02,-5.444355e+02,-5.444355e+02,-5.444355e+02,-5.444355e+02,-5.444355e+02,-5.444355e+02,-5.444355e+02,-5.444355e+02,-5.444355e+02,-5.444355e+02,-5.444355e+02,-5.444355e+02,-5.444355e+02,-5.444355e+02,-5.444355e+02,-5.444355e+02,-5.444355e+02,-5.444355e+02,-5.444355e+02,-5.444355e+02,-5.444355e+02,-5.444355e+02,-5.444355e+02,-5.444355e+02,-5.444355e+02,-5.444355e+02,-5.444355e+02,-5.444355e+02,-5.444355e+02,-5.444355e+02,-5.444355e+02,-5.444355e+02,-5.444355e+02,-5.444355e+02,-5.444355e+02,-5.444355e+02,-5.444355e+02,-5.444355e+02,-5.444355e+02,-5.444355e+02,-5.444355e+02,-5.444355e+02,-5.444355e+02,-5.444355e+02,-5.444355e+02,-5.444355e+02,-5.444355e+02,-5.444355e+02,-5.444355e+02,-5.444355e+02,-5.444355e+02,-5.444355e+02,-5.444355e+02,-5.444355e+02,-5.444355e+02,-5.444355e+02,-5.444355e+02,-5.444355e+02,-5.444355e+02,-5.444355e+02,-5.444355e+02,-5.444355e+02,-5.444355e+02,-5.444355e+02,-5.444355e+02,-5.444355e+02,-5.444355e+02,-5.444355e+02,-5.444355e+02,-5.444355e+02,-5.444355e+02,-5.444355e+02,-5.444355e+02,-5.444355e+02,-5.444355e+02,-5.444355e+02,-5.444355e+02,-5.444355e+02,-5.444355e+02,-5.444355e+02,-5.444355e+02,-5.444355e+02,-5.444355e+02,-5.444355e+02,-5.444355e+02,-5.444355e+02,-5.444355e+02,-5.444355e+02,-5.444355e+02,-5.444355e+02,-5.444355e+02,-5.444355e+02,-5.444355e+02,-5.444355e+02,-5.444355e+02,-5.444355e+02,-5.444355e+02,-5.444355e+02,-5.444355e+02,-5.444355e+02,-5.444355e+02,-5.444355e+02,-5.444355e+02,-5.444355e+02,-5.444355e+02,-5.444355e+02,-5.444355e+02,-5.444355e+02,-5.444355e+02,-5.444355e+02,-5.444355e+02,-5.444355e+02,-5.444355e+02,-5.444355e+02,-5.444355e+02,-5.444355e+02,-5.444355e+02,-5.444355e+02,-5.444355e+02,-5.444355e+02,-5.444355e+02,-5.444355e+02,-5.444355e+02,-5.444355e+02,-5.444355e+02,-5.444355e+02,-5.444355e+02,-5.444355e+02,-5.444355e+02,-5.444355e+02,-5.444355e+02,-5.444355e+02,-5.444355e+02,-5.444355e+02,-5.444355e+02,-5.444355e+02,-5.444355e+02,-5.444355e+02,-5.444355e+02,-5.444355e+02,-5.444355e+02,-5.444355e+02,-5.444355e+02,-5.444355e+02,-5.444355e+02,-5.444355e+02,-5.444355e+02,-5.444355e+02,-5.444355e+02,-5.444355e+02,-5.444355e+02,-5.444355e+02,-5.444355e+02,-5.444355e+02,-5.444355e+02,-5.444355e+02,-5.444355e+02,-5.444355e+02,-5.444355e+02,-5.444355e+02,-5.444355e+02,-5.444355e+02,-5.444355e+02,-5.444355e+02,-5.444355e+02,-5.444355e+02,-5.444355e+02,-5.444355e+02,-5.444355e+02,-5.444355e+02,-5.444355e+02,-5.444355e+02,-5.444355e+02,-5.444355e+02,-5.444355e+02,-5.444355e+02,-5.444355e+02,-5.444355e+02,-5.444355e+02,-5.444355e+02,-5.444355e+02,-5.444355e+02,-5.444355e+02,-5.444355e+02,-5.444355e+02,-5.444355e+02,-5.444355e+02,-5.444355e+02,-5.444355e+02,-5.444355e+02,-5.444355e+02,-5.444355e+02,-5.444355e+02,-5.444355e+02,-5.444355e+02,-5.444355e+02,-5.444355e+02,-5.444355e+02,-5.444355e+02,-5.444355e+02,-5.444355e+02,-5.444355e+02,-5.444355e+02,-5.444355e+02,-5.444355e+02,-5.444355e+02,-5.444355e+02,-5.444355e+02,-5.444355e+02,-5.444355e+02,-5.444355e+02,-5.444355e+02,-5.444355e+02,-5.444355e+02,-5.444355e+02,-5.444355e+02,-5.444355e+02,-5.444355e+02,-5.444355e+02,-5.444355e+02,-5.444355e+02,-5.444355e+02,-5.444355e+02,-5.444355e+02,-5.444355e+02,-5.444355e+02,-5.444355e+02,-5.444355e+02,-5.444355e+02,-5.444355e+02,-5.444355e+02,-5.444355e+02,-5.444355e+02,-5.444355e+02,-5.444355e+02,-5.444355e+02,-5.444355e+02,-5.444355e+02,-5.444355e+02,-5.444355e+02,-5.444355e+02,-5.444355e+02,-5.444355e+02,-5.444355e+02,-5.444355e+02,-5.444355e+02,-5.444355e+02,-5.444355e+02,-5.444355e+02,-5.444355e+02,-5.444355e+02,-5.444355e+02,-5.444355e+02,-5.444355e+02,-5.444355e+02,-5.444355e+02,-5.444355e+02,-5.444355e+02,-5.444355e+02,-5.444355e+02,-5.444355e+02,-5.444355e+02,-5.444355e+02,-5.444355e+02,-5.444355e+02,-5.444355e+02,-5.444355e+02,-5.444355e+02,-5.444355e+02,-5.444355e+02,-5.444355e+02,-5.444355e+02,-5.444355e+02,-5.444355e+02,-5.444355e+02,-5.444355e+02,-5.444355e+02,-5.450641e+02,-5.450641e+02,-5.450641e+02,-5.450641e+02,-5.450641e+02,-5.450641e+02,-5.450641e+02,-5.450641e+02,-5.450641e+02,-5.450641e+02,-5.450641e+02,-5.450641e+02,-5.450641e+02,-5.450641e+02,-5.450641e+02,-5.450641e+02,-5.450641e+02,-5.450641e+02,-5.450641e+02,-5.450641e+02,-5.450641e+02,-5.450641e+02,-5.450641e+02,-5.450641e+02,-5.450641e+02,-5.450641e+02,-5.450641e+02,-5.450641e+02,-5.450641e+02,-5.450641e+02,-5.450641e+02,-5.450641e+02,-5.450641e+02,-5.450641e+02,-5.450641e+02,-5.450641e+02,-5.450641e+02,-5.450641e+02,-5.450641e+02,-5.450641e+02,-5.450641e+02,-5.450641e+02,-5.450641e+02,-5.450641e+02,-5.450641e+02,-5.450641e+02,-5.450641e+02,-5.450641e+02,-5.450641e+02,-5.450641e+02,-5.450641e+02,-5.450641e+02,-5.450641e+02,-5.450641e+02,-5.450641e+02,-5.450641e+02,-5.450641e+02,-5.450641e+02,-5.450641e+02,-5.450641e+02,-5.450641e+02,-5.450641e+02,-5.450641e+02,-5.450641e+02,-5.450641e+02,-5.450641e+02,-5.450641e+02,-5.450641e+02,-5.450641e+02,-5.450641e+02,-5.450641e+02,-5.450641e+02,-5.450641e+02,-5.450641e+02,-5.450641e+02,-5.450641e+02,-5.450641e+02,-5.450641e+02,-5.450641e+02,-5.450641e+02,-5.450641e+02,-5.450641e+02,-5.450641e+02,-5.450641e+02,-5.450641e+02,-5.450641e+02,-5.450641e+02,-5.450641e+02,-5.450641e+02,-5.450641e+02,-5.450641e+02,-5.450641e+02,-5.450641e+02,-5.450641e+02,-5.450641e+02,-5.450641e+02,-5.450641e+02,-5.450641e+02,-5.450641e+02,-5.450641e+02,-5.450641e+02,-5.450641e+02,-5.450641e+02,-5.450641e+02,-5.450641e+02,-5.450641e+02,-5.450641e+02,-5.450641e+02,-5.450641e+02,-5.450641e+02,-5.450641e+02,-5.450641e+02,-5.450641e+02,-5.450641e+02,-5.450641e+02,-5.450641e+02,-5.450641e+02,-5.450641e+02,-5.450641e+02,-5.450641e+02,-5.450641e+02,-5.450641e+02,-5.450641e+02,-5.450641e+02,-5.450641e+02,-5.450641e+02,-5.450641e+02,-5.450641e+02,-5.450641e+02,-5.450641e+02,-5.450641e+02,-5.450641e+02,-5.450641e+02,-5.450641e+02,-5.450641e+02,-5.450641e+02,-5.450641e+02,-5.450641e+02,-5.450641e+02,-5.450641e+02,-5.450641e+02,-5.450641e+02,-5.450641e+02,-5.450641e+02,-5.450641e+02,-5.450641e+02,-5.450641e+02,-5.450641e+02,-5.450641e+02,-5.450641e+02,-5.450641e+02,-5.450641e+02,-5.450641e+02,-5.450641e+02,-5.450641e+02,-5.450641e+02,-5.450641e+02,-5.450641e+02,-5.450641e+02,-5.450641e+02,-5.450641e+02,-5.450641e+02,-5.450641e+02,-5.450641e+02,-5.450641e+02,-5.450641e+02,-5.450641e+02,-5.450641e+02,-5.450641e+02,-5.450641e+02,-5.450641e+02,-5.450641e+02,-5.450641e+02,-5.450641e+02,-5.450641e+02,-5.450641e+02,-5.450641e+02,-5.450641e+02,-5.450641e+02,-5.450641e+02,-5.450641e+02,-5.450641e+02,-5.450641e+02,-5.450641e+02,-5.450641e+02,-5.450641e+02,-5.450641e+02,-5.450641e+02,-5.450641e+02,-5.450641e+02,-5.450641e+02,-5.450641e+02,-5.450641e+02,-5.450641e+02,-5.450641e+02,-5.450641e+02,-5.450641e+02,-5.450641e+02,-5.450641e+02,-5.450641e+02,-5.450641e+02,-5.450641e+02,-5.450641e+02,-5.450641e+02,-5.450641e+02,-5.450641e+02,-5.450641e+02,-5.450641e+02,-5.450641e+02,-5.450641e+02,-5.450641e+02,-5.450641e+02,-5.450641e+02,-5.450641e+02,-5.450641e+02,-5.450641e+02,-5.450641e+02,-5.450641e+02,-5.450641e+02,-5.450641e+02,-5.450641e+02,-5.450641e+02,-5.450641e+02,-5.450641e+02,-5.450641e+02,-5.450641e+02,-5.450641e+02,-5.450641e+02,-5.450641e+02,-5.450641e+02,-5.450641e+02,-5.450641e+02,-5.450641e+02,-5.450641e+02,-5.450641e+02,-5.450641e+02,-5.450641e+02,-5.450641e+02,-5.450641e+02,-5.450641e+02,-5.450641e+02,-5.450641e+02,-5.450641e+02,-5.450641e+02,-5.450641e+02,-5.450641e+02,-5.450641e+02,-5.450641e+02,-5.450641e+02,-5.450641e+02,-5.450641e+02,-5.450641e+02,-5.450641e+02,-5.450641e+02,-5.450641e+02,-5.450641e+02,-5.450641e+02,-5.450641e+02,-5.450641e+02,-5.450641e+02,-5.450641e+02,-5.450641e+02,-5.450641e+02,-5.450641e+02,-5.450641e+02,-5.450641e+02,-5.450641e+02,-5.450641e+02,-5.450641e+02,-5.450641e+02,-5.450641e+02,-5.450641e+02,-5.450641e+02,-5.450641e+02,-5.450641e+02,-5.450641e+02,-5.450641e+02,-5.450641e+02,-5.450641e+02,-5.450641e+02,-5.450641e+02,-5.450641e+02,-5.450641e+02,-5.450641e+02,-5.450641e+02,-5.450641e+02,-5.450641e+02,-5.450641e+02,-5.450641e+02,-5.450641e+02,-5.450641e+02,-5.450641e+02,-5.450641e+02,-5.450641e+02,-5.450641e+02,-5.450641e+02,-5.450641e+02,-5.450641e+02,-5.450641e+02,-5.450641e+02,-5.450641e+02,-5.450641e+02,-5.450641e+02,-5.450641e+02,-5.450641e+02,-5.450641e+02,-5.450641e+02,-5.450641e+02,-5.450641e+02,-5.450641e+02,-5.450641e+02,-5.450641e+02,-5.450641e+02,-5.450641e+02,-5.450641e+02,-5.450641e+02,-5.450641e+02,-5.450641e+02,-5.450641e+02,-5.450641e+02,-5.450641e+02,-5.450641e+02,-5.450641e+02,-5.450641e+02,-5.450641e+02,-5.450641e+02,-5.450641e+02,-5.450641e+02,-5.450641e+02,-5.450641e+02,-5.450641e+02,-5.450641e+02,-5.450641e+02,-5.450641e+02,-5.450641e+02,-5.450641e+02,-5.450641e+02,-5.450641e+02,-5.450641e+02,-5.450641e+02,-5.450641e+02,-5.450641e+02,-5.450641e+02,-5.450641e+02,-5.450641e+02,-5.450641e+02,-5.450641e+02,-5.450641e+02,-5.450641e+02,-5.450641e+02,-5.450641e+02,-5.450641e+02,-5.450641e+02,-5.450641e+02,-5.450641e+02,-5.450641e+02,-5.450641e+02,-5.450641e+02,-5.450641e+02,-5.450641e+02,-5.450641e+02,-5.450641e+02,-5.450641e+02,-5.450641e+02,-5.450641e+02,-5.450641e+02,-5.450641e+02,-5.450641e+02,-5.450641e+02,-5.450641e+02,-5.450641e+02,-5.450641e+02,-5.450641e+02,-5.450641e+02,-5.450641e+02,-5.450641e+02,-5.450641e+02,-5.450641e+02,-5.450641e+02,-5.450641e+02,-5.450641e+02,-5.450641e+02,-5.450641e+02,-5.450641e+02,-5.450641e+02,-5.450641e+02,-5.450641e+02,-5.450641e+02,-5.450641e+02,-5.450641e+02,-5.450641e+02,-5.450641e+02,-5.450641e+02,-5.450641e+02,-5.450641e+02,-5.450641e+02,-5.450641e+02,-5.450641e+02,-5.450641e+02,-5.450641e+02,-5.450641e+02,-5.450641e+02,-5.450641e+02,-5.450641e+02,-5.450641e+02,-5.450641e+02,-5.450641e+02,-5.450641e+02,-5.450641e+02,-5.450641e+02,-5.450641e+02,-5.450641e+02,-5.450641e+02,-5.450641e+02,-5.450641e+02,-5.450641e+02,-5.450641e+02,-5.450641e+02,-5.450641e+02,-5.450641e+02,-5.450641e+02,-5.450641e+02,-5.450641e+02,-5.450641e+02,-5.450641e+02,-5.450641e+02,-5.450641e+02,-5.450641e+02,-5.450641e+02,-5.450641e+02,-5.450641e+02,-5.450641e+02,-5.450641e+02,-5.450641e+02,-5.450641e+02,-5.450641e+02,-5.450641e+02,-5.450641e+02,-5.450641e+02,-5.450641e+02,-5.450641e+02,-5.450641e+02,-5.450641e+02,-5.450641e+02,-5.450641e+02,-5.450641e+02,-5.450641e+02,-5.450641e+02,-5.450641e+02,-5.450641e+02,-5.450641e+02,-5.450641e+02,-5.450641e+02,-5.450641e+02,-5.450641e+02,-5.450641e+02,-5.450641e+02,-5.450641e+02,-5.450641e+02,-5.450641e+02,-5.450641e+02,-5.450641e+02,-5.450641e+02,-5.450641e+02,-5.450641e+02,-5.450641e+02,-5.450641e+02,-5.450641e+02,-5.450641e+02,-5.450641e+02,-5.450641e+02,-5.450641e+02,-5.450641e+02,-5.450641e+02,-5.450641e+02,-5.450641e+02,-5.450641e+02,-5.450641e+02,-5.450641e+02,-5.450641e+02,-5.450641e+02,-5.450641e+02,-5.450641e+02,-5.450641e+02,-5.450641e+02,-5.450641e+02,-5.450641e+02,-5.450641e+02,-5.450641e+02,-5.450641e+02,-5.450641e+02,-5.450641e+02,-5.450641e+02,-5.450641e+02,-5.450641e+02,-5.450641e+02,-5.450641e+02,-5.450641e+02,-5.450641e+02,-5.450641e+02,-5.450641e+02,-5.450641e+02,-5.450641e+02,-5.450641e+02,-5.450641e+02,-5.450641e+02,-5.450641e+02,-5.450641e+02,-5.450641e+02,-5.450641e+02,-5.450641e+02,-5.450641e+02,-5.450641e+02,-5.450641e+02,-5.450641e+02,-5.450641e+02,-5.450641e+02,-5.450641e+02,-5.450641e+02,-5.450641e+02,-5.450641e+02,-5.450641e+02,-5.450641e+02,-5.450641e+02,-5.450641e+02,-5.450641e+02,-5.450641e+02,-5.450641e+02,-5.450641e+02,-5.450641e+02,-5.450641e+02,-5.450641e+02,-5.450641e+02,-5.450641e+02,-5.450641e+02,-5.450641e+02,-5.450641e+02,-5.450641e+02,-5.450641e+02,-5.450641e+02,-5.450641e+02,-5.450641e+02,-5.450641e+02,-5.450641e+02,-5.450641e+02,-5.450641e+02,-5.450641e+02,-5.450641e+02,-5.450641e+02,-5.450641e+02,-5.450641e+02,-5.450641e+02,-5.450641e+02,-5.450641e+02,-5.450641e+02,-5.450641e+02,-5.450641e+02,-5.450641e+02,-5.450641e+02,-5.450641e+02,-5.450641e+02,-5.450641e+02,-5.450641e+02,-5.450641e+02,-5.450641e+02,-5.450641e+02,-5.450641e+02,-5.450641e+02,-5.450641e+02,-5.450641e+02,-5.450641e+02,-5.450641e+02,-5.450641e+02,-5.450641e+02,-5.450641e+02,-5.450641e+02,-5.450641e+02,-5.450641e+02,-5.450641e+02,-5.450641e+02,-5.450641e+02,-5.450641e+02,-5.450641e+02,-5.450641e+02,-5.450641e+02,-5.450641e+02,-5.450641e+02,-5.450641e+02,-5.450641e+02,-5.450641e+02,-5.450641e+02,-5.450641e+02,-5.450641e+02,-5.450641e+02,-5.450641e+02,-5.450641e+02,-5.450641e+02,-5.450641e+02,-5.450641e+02,-5.450641e+02,-5.450641e+02,-5.450641e+02,-5.450641e+02,-5.450641e+02,-5.450641e+02,-5.450641e+02,-5.450641e+02,-5.450641e+02,-5.450641e+02,-5.450641e+02,-5.450641e+02,-5.450641e+02,-5.450641e+02,-5.450641e+02,-5.450641e+02,-5.450641e+02,-5.450641e+02,-5.450641e+02,-5.450641e+02,-5.450641e+02,-5.450641e+02,-5.450641e+02,-5.450641e+02,-5.450641e+02,-5.450641e+02,-5.450641e+02,-5.450641e+02,-5.450641e+02,-5.450641e+02,-5.450641e+02,-5.450641e+02,-5.450641e+02,-5.450641e+02,-5.450641e+02,-5.450641e+02,-5.450641e+02,-5.450641e+02,-5.450641e+02,-5.450641e+02,-5.450641e+02,-5.450641e+02,-5.450641e+02,-5.450641e+02,-5.450641e+02,-5.450641e+02,-5.450641e+02,-5.450641e+02,-5.450641e+02,-5.450641e+02,-5.450641e+02,-5.450641e+02,-5.450641e+02,-5.450641e+02,-5.450641e+02,-5.450641e+02,-5.450641e+02,-5.450641e+02,-5.450641e+02,-5.450641e+02,-5.450641e+02,-5.450641e+02,-5.450641e+02,-5.450641e+02,-5.450641e+02,-5.450641e+02,-5.450641e+02,-5.450641e+02,-5.450641e+02,-5.450641e+02,-5.450641e+02,-5.450641e+02,-5.450641e+02,-5.450641e+02,-5.450641e+02,-5.450641e+02,-5.450641e+02,-5.450641e+02,-5.450641e+02,-5.450641e+02,-5.450641e+02,-5.450641e+02,-5.450641e+02,-5.450641e+02,-5.450641e+02,-5.450641e+02,-5.450641e+02,-5.450641e+02,-5.450641e+02,-5.450641e+02,-5.450641e+02,-5.450641e+02,-5.450641e+02,-5.450641e+02,-5.450641e+02,-5.450641e+02,-5.450641e+02,-5.450641e+02,-5.450641e+02,-5.450641e+02,-5.450641e+02,-5.450641e+02,-5.450641e+02,-5.450641e+02,-5.450641e+02,-5.450641e+02,-5.450641e+02,-5.450641e+02,-5.450641e+02,-5.450641e+02,-5.450641e+02,-5.450641e+02,-5.450641e+02,-5.450641e+02,-5.450641e+02,-5.450641e+02,-5.450641e+02,-5.450641e+02,-5.450641e+02,-5.450641e+02,-5.450641e+02,-5.450641e+02,-5.450641e+02,-5.450641e+02,-5.450641e+02,-5.450641e+02,-5.450641e+02,-5.450641e+02,-5.450641e+02,-5.450641e+02,-5.450641e+02,-5.450641e+02,-5.450641e+02,-5.450641e+02,-5.450641e+02,-5.450641e+02,-5.450641e+02,-5.450641e+02,-5.450641e+02,-5.450641e+02,-5.450641e+02,-5.450641e+02,-5.450641e+02,-5.450641e+02,-5.450641e+02,-5.450641e+02,-5.450641e+02,-5.450641e+02,-5.450641e+02,-5.450641e+02,-5.450641e+02,-5.450641e+02,-5.450641e+02,-5.450641e+02,-5.450641e+02,-5.450641e+02,-5.450641e+02,-5.450641e+02,-5.450641e+02,-5.450641e+02,-5.450641e+02,-5.450641e+02,-5.450641e+02,-5.450641e+02,-5.450641e+02,-5.450641e+02,-5.450641e+02,-5.450641e+02,-5.450641e+02,-5.450641e+02,-5.450641e+02,-5.450641e+02,-5.450641e+02,-5.450641e+02,-5.450641e+02,-5.450641e+02,-5.450641e+02,-5.450641e+02,-5.450641e+02,-5.450641e+02,-5.450641e+02,-5.450641e+02,-5.450641e+02,-5.450641e+02,-5.450641e+02,-5.450641e+02,-5.450641e+02,-5.450641e+02,-5.450641e+02,-5.450641e+02,-5.450641e+02,-5.450641e+02,-5.450641e+02,-5.450641e+02,-5.450641e+02,-5.450641e+02,-5.450641e+02,-5.450641e+02,-5.450641e+02,-5.450641e+02,-5.450641e+02,-5.450641e+02,-5.450641e+02,-5.450641e+02,-5.450641e+02,-5.450641e+02,-5.450641e+02,-5.450641e+02,-5.450641e+02,-5.450641e+02,-5.450641e+02,-5.450641e+02,-5.450641e+02,-5.450641e+02,-5.450641e+02,-5.450641e+02,-5.450641e+02,-5.450641e+02,-5.450641e+02,-5.450641e+02,-5.450641e+02,-5.450641e+02,-5.450641e+02,-5.450641e+02,-5.450641e+02,-5.450641e+02,-5.450641e+02,-5.450641e+02,-5.450641e+02,-5.450641e+02,-5.450641e+02,-5.450641e+02"
3,2000,0.0858,-5.451388e+02,"7.425131e+04,1.579283e+04,1.579283e+04,1.579283e+04,1.269932e+04,1.269932e+04,1.269932e+04,1.269932e+04,1.269932e+04,9.311488e+03,9.311488e+03,9.311488e+03,5.288631e+03,5.288631e+03,6.277487e+02,6.277487e+02,6.277487e+02,6.277487e+02,6.277487e+02,6.277487e+02,6.277487e+02,6.277487e+02,6.277487e+02,6.277487e+02,6.277487e+02,6.277487e+02,6.277487e+02,6.277487e+02,6.277487e+02,6.277487e+02,6.277487e+02,6.277487e+02,6.277487e+02,6.277487e+02,6.277487e+02,6.277487e+02,6.277487e+02,6.277487e+02,6.277487e+02,6.277487e+02,6.277487e+02,6.277487e+02,6.277487e+02,6.277487e+02,6.277487e+02,6.277487e+02,-2.067409e+02,-2.067409e+02,-2.067409e+02,-2.067409e+02,-2.067409e+02,-2.067409e+02,-2.067409e+02,-2.067409e+02,-2.067409e+02,-2.067409e+02,-2.067409e+02,-2.067409e+02,-2.067409e+02,-2.067409e+02,-2.067409e+02,-2.067409e+02,-2.067409e+02,-2.067409e+02,-2.067409e+02,-2.067409e+02,-2.067409e+02,-2.067409e+02,-2.067409e+02,-2.067409e+02,-2.067409e+02,-2.067409e+02,-2.067409e+02,-2.067409e+02,-2.067409e+02,-2.067409e+02,-2.067409e+02,-2.067409e+02,-2.067409e+02,-2.067409e+02,-2.067409e+02,-2.067409e+02,-2.067409e+02,-2.067409e+02,-2.067409e+02,-2.067409e+02,-2.067409e+02,-2.067409e+02,-5.427263e+02,-5.427263e+02,-5.427263e+02,-5.427263e+02,-5.427263e+02,-5.427263e+02,-5.427263e+02,-5.427263e+02,-5.427263e+02,-5.427263e+02,-5.427263e+02,-5.427263e+02,-5.427263e+02,-5.427263e+02,-5.427263e+02,-5.427263e+02,-5.427263e+02,-5.427263e+02,-5.427263e+02,-5.427263e+02,-5.427263e+02,-5.427263e+02,-5.427263e+02,-5.427263e+02,-5.427263e+02,-5.427263e+02,-5.427263e+02,-5.427263e+02,-5.427263e+02,-5.427263e+02,-5.427263e+02,-5.427263e+02,-5.427263e+02,-5.427263e+02,-5.427263e+02,-5.427263e+02,-5.427263e+02,-5.427263e+02,-5.427263e+02,-5.427263e+02,-5.427263e+02,-5.427263e+02,-5.427263e+02,-5.427263e+02,-5.427263e+02,-5.427263e+02,-5.427263e+02,-5.427263e+02,-5.427263e+02,-5.427263e+02,-5.427263e+02,-5.427263e+02,-5.427263e+02,-5.427263e+02,-5.427263e+02,-5.427263e+02,-5.427263e+02,-5.427263e+02,-5.427263e+02,-5.427263e+02,-5.427263e+02,-5.427263e+02,-5.427263e+02,-5.427263e+02,-5.427263e+02,-5.427263e+02,-5.427263e+02,-5.427263e+02,-5.427263e+02,-5.427263e+02,-5.427263e+02,-5.427263e+02,-5.427263e+02,-5.427263e+02,-5.427263e+02,-5.427263e+02,-5.427263e+02,-5.427263e+02,-5.427263e+02,-5.427263e+02,-5.427263e+02,-5.427263e+02,-5.427263e+02,-5.427263e+02,-5.427263e+02,-5.427263e+02,-5.427263e+02,-5.427263e+02,-5.427263e+02,-5.427263e+02,-5.427263e+02,-5.427263e+02,-5.427263e+02,-5.427263e+02,-5.427263e+02,-5.427263e+02,-5.427263e+02,-5.427263e+02,-5.427263e+02,-5.427263e+02,-5.427263e+02,-5.427263e+02,-5.427263e+02,-5.427263e+02,-5.427263e+02,-5.427263e+02,-5.427263e+02,-5.427263e+02,-5.427263e+02,-5.427263e+02,-5.427263e+02,-5.427263e+02,-5.427263e+02,-5.427263e+02,-5.427263e+02,-5.427263e+02,-5.427263e+02,-5.427263e+02,-5.427263e+02,-5.427263e+02,-5.427263e+02,-5.427263e+02,-5.440655e+02,-5.440655e+02,-5.440655e+02,-5.440655e+02,-5.440655e+02,-5.440655e+02,-5.440655e+02,-5.440655e+02,-5.440655e+02,-5.440655e+02,-5.440655e+02,-5.440655e+02,-5.440655e+02,-5.440655e+02,-5.440655e+02,-5.440655e+02,-5.440655e+02,-5.440655e+02,-5.440655e+02,-5.440655e+02,-5.440655e+02,-5.440655e+02,-5.440655e+02,-5.440655e+02,-5.440655e+02,-5.440655e+02,-5.440655e+02,-5.440655e+02,-5.440655e+02,-5.440655e+02,-5.440655e+02,-5.440655e+02,-5.440655e+02,-5.440655e+02,-5.440655e+02,-5.440655e+02,-5.440655e+02,-5.440655e+02,-5.440655e+02,-5.440655e+02,-5.440655e+02,-5.440655e+02,-5.440655e+02,-5.440655e+02,-5.440655e+02,-5.440655e+02,-5.440655e+02,-5.440655e+02,-5.440655e+02,-5.440655e+02,-5.440655e+02,-5.440655e+02,-5.440655e+02,-5.440655e+02,-5.440655e+02,-5.440655e+02,-5.440655e+02,-5.440655e+02,-5.440655e+02,-5.440655e+02,-5.440655e+02,-5.440655e+02,-5.440655e+02,-5.440655e+02,-5.440655e+02,-5.440655e+02,-5.440655e+02,-5.440655e+02,-5.440655e+02,-5.440655e+02,-5.440655e+02,-5.440655e+02,-5.440655e+02,-5.440655e+02,-5.440655e+02,-5.440655e+02,-5.440655e+02,-5.440655e+02,-5.440655e+02,-5.440655e+02,-5.440655e+02,-5.440655e+02,-5.440655e+02,-5.440655e+02,-5.440655e+02,-5.440655e+02,-5.440655e+02,-5.440655e+02,-5.440655e+02,-5.440655e+02,-5.440655e+02,-5.440655e+02,-5.440655e+02,-5.440655e+02,-5.440655e+02,-5.440655e+02,-5.440655e+02,-5.440655e+02,-5.440655e+02,-5.440655e+02,-5.440655e+02,-5.440655e+02,-5.440655e+02,-5.440655e+02,-5.440655e+02,-5.440655e+02,-5.440655e+02,-5.440655e+02,-5.440655e+02,-5.440655e+02,-5.440655e+02,-5.440655e+02,-5.440655e+02,-5.440655e+02,-5.440655e+02,-5.440655e+02,-5.440655e+02,-5.440655e+02,-5.440655e+02,-5.440655e+02,-5.440655e+02,-5.440655e+02,-5.440655e+02,-5.440655e+02,-5.440655e+02,-5.440655e+02,-5.440655e+02,-5.440655e+02,-5.440655e+02,-5.440655e+02,-5.440655e+02,-5.440655e+02,-5.440655e+02,-5.440655e+02,-5.440655e+02,-5.440655e+02,-5.440655e+02,-5.440655e+02,-5.440655e+02,-5.440655e+02,-5.440655e+02,-5.440655e+02,-5.440655e+02,-5.440655e+02,-5.440655e+02,-5.440655e+02,-5.440655e+02,-5.440655e+02,-5.440655e+02,-5.440655e+02,-5.440655e+02,-5.440655e+02,-5.440655e+02,-5.440655e+02,-5.440655e+02,-5.440655e+02,-5.440655e+02,-5.440655e+02,-5.440655e+02,-5.440655e+02,-5.440655e+02,-5.440655e+02,-5.440655e+02,-5.440655e+02,-5.440655e+02,-5.440655e+02,-5.440655e+02,-5.440655e+02,-5.440655e+02,-5.440655e+02,-5.440655e+02,-5.440655e+02,-5.440655e+02,-5.440655e+02,-5.440655e+02,-5.440655e+02,-5.440655e+02,-5.440655e+02,-5.440655e+02,-5.440655e+02,-5.440655e+02,-5.440655e+02,-5.440655e+02,-5.440655e+02,-5.440655e+02,-5.440655e+02,-5.440655e+02,-5.444165e+02,-5.444165e+02,-5.444165e+02,-5.444165e+02,-5.444165e+02,-5.444165e+02,-5.444165e+02,-5.444165e+02,-5.444165e+02,-5.444165e+02,-5.444165e+02,-5.444165e+02,-5.444165e+02,-5.444165e+02,-5.444165e+02,-5.444165e+02,-5.444165e+02,-5.444165e+02,-5.444165e+02,-5.444165e+02,-5.444165e+02,-5.444165e+02,-5.444165e+02,-5.444165e+02,-5.444165e+02,-5.444165e+02,-5.444165e+02,-5.444165e+02,-5.444165e+02,-5.444165e+02,-5.444165e+02,-5.444165e+02,-5.444165e+02,-5.444165e+02,-5.444165e+02,-5.444165e+02,-5.444165e+02,-5.444165e+02,-5.444165e+02,-5.444165e+02,-5.444165e+02,-5.444165e+02,-5.444165e+02,-5.444165e+02,-5.444165e+02,-5.444165e+02,-5.444165e+02,-5.444165e+02,-5.444165e+02,-5.444165e+02,-5.444165e+02,-5.444165e+02,-5.444165e+02,-5.444165e+02,-5.444165e+02,-5.444165e+02,-5.444165e+02,-5.444165e+02,-5.444165e+02,-5.444165e+02,-5.444165e+02,-5.444165e+02,-5.444165e+02,-5.444165e+02,-5.444165e+02,-5.444165e+02,-5.444165e+02,-5.444165e+02,-5.444165e+02,-5.444165e+02,-5.444165e+02,-5.444165e+02,-5.444165e+02,-5.444165e+02,-5.444165e+02,-5.444165e+02,-5.444165e+02,-5.444165e+02,-5.444165e+02,-5.444165e+02,-5.444165e+02,-5.444165e+02,-5.444165e+02,-5.444165e+02,-5.444165e+02,-5.444165e+02,-5.444165e+02,-5.444165e+02,-5.444165e+02,-5.444165e+02,-5.444165e+02,-5.444165e+02,-5.444165e+02,-5.444165e+02,-5.444165e+02,-5.444165e+02,-5.444165e+02,-5.444165e+02,-5.444165e+02,-5.444165e+02,-5.444165e+02,-5.444165e+02,-5.444165e+02,-5.444165e+02,-5.444165e+02,-5.444165e+02,-5.444165e+02,-5.444165e+02,-5.444165e+02,-5.444165e+02,-5.444165e+02,-5.444165e+02,-5.444165e+02,-5.444165e+02,-5.444165e+02,-5.444165e+02,-5.444165e+02,-5.444165e+02,-5.444165e+02,-5.444165e+02,-5.444165e+02,-5.444165e+02,-5.444165e+02,-5.444165e+02,-5.444165e+02,-5.444165e+02,-5.444165e+02,-5.444165e+02,-5.444165e+02,-5.444165e+02,-5.444165e+02,-5.444165e+02,-5.444165e+02,-5.444165e+02,-5.444165e+02,-5.444165e+02,-5.444165e+02,-5.444165e+02,-5.444165e+02,-5.444165e+02,-5.444165e+02,-5.444165e+02,-5.444165e+02,-5.444165e+02,-5.444165e+02,-5.444165e+02,-5.444165e+02,-5.444165e+02,-5.444165e+02,-5.444165e+02,-5.444165e+02,-5.444165e+02,-5.444165e+02,-5.444165e+02,-5.444165e+02,-5.444165e+02,-5.444165e+02,-5.444165e+02,-5.444165e+02,-5.444165e+02,-5.444165e+02,-5.444165e+02,-5.444165e+02,-5.444165e+02,-5.444165e+02,-5.444165e+02,-5.444165e+02,-5.444165e+02,-5.444165e+02,-5.444165e+02,-5.444165e+02,-5.444165e+02,-5.444165e+02,-5.444165e+02,-5.444165e+02,-5.444165e+02,-5.444165e+02,-5.444165e+02,-5.444165e+02,-5.444165e+02,-5.444165e+02,-5.444165e+02,-5.444165e+02,-5.444165e+02,-5.444165e+02,-5.444165e+02,-5.444165e+02,-5.444165e+02,-5.444165e+02,-5.444165e+02,-5.444165e+02,-5.444165e+02,-5.444165e+02,-5.444165e+02,-5.444165e+02,-5.444165e+02,-5.444165e+02,-5.444165e+02,-5.444165e+02,-5.444165e+02,-5.444165e+02,-5.444165e+02,-5.444165e+02,-5.444165e+02,-5.444165e+02,-5.444165e+02,-5.444165e+02,-5.444165e+02,-5.444165e+02,-5.444165e+02,-5.444165e+02,-5.444165e+02,-5.444165e+02,-5.444165e+02,-5.444165e+02,-5.444165e+02,-5.444165e+02,-5.444165e+02,-5.444165e+02,-5.444165e+02,-5.444165e+02,-5.444165e+02,-5.444165e+02,-5.444165e+02,-5.444165e+02,-5.444165e+02,-5.444165e+02,-5.444165e+02,-5.444165e+02,-5.444165e+02,-5.444165e+02,-5.444165e+02,-5.444165e+02,-5.444165e+02,-5.444165e+02,-5.444165e+02,-5.444165e+02,-5.444165e+02,-5.444165e+02,-5.444165e+02,-5.444165e+02,-5.444165e+02,-5.444165e+02,-5.444165e+02,-5.444165e+02,-5.444165e+02,-5.444165e+02,-5.444165e+02,-5.444165e+02,-5.444165e+02,-5.444165e+02,-5.444165e+02,-5.444165e+02,-5.444165e+02,-5.444165e+02,-5.444165e+02,-5.444165e+02,-5.444165e+02,-5.444165e+02,-5.444165e+02,-5.444165e+02,-5.444165e+02,-5.444165e+02,-5.444165e+02,-5.444165e+02,-5.444165e+02,-5.444165e+02,-5.444165e+02,-5.444165e+02,-5.444165e+02,-5.444165e+02,-5.444165e+02,-5.444165e+02,-5.444165e+02,-5.444165e+02,-5.444165e+02,-5.444165e+02,-5.444165e+02,-5.444165e+02,-5.444165e+02,-5.444165e+02,-5.444165e+02,-5.444165e+02,-5.444165e+02,-5.444165e+02,-5.444165e+02,-5.444165e+02,-5.444165e+02,-5.444165e+02,-5.444165e+02,-5.444165e+02,-5.444165e+02,-5.444165e+02,-5.444165e+02,-5.444165e+02,-5.444165e+02,-5.444165e+02,-5.444165e+02,-5.444165e+02,-5.444165e+02,-5.444165e+02,-5.444165e+02,-5.444165e+02,-5.444165e+02,-5.444165e+02,-5.444165e+02,-5.444165e+02,-5.444165e+02,-5.444165e+02,-5.444165e+02,-5.444165e+02,-5.444165e+02,-5.444165e+02,-5.444165e+02,-5.444165e+02,-5.444165e+02,-5.444165e+02,-5.444165e+02,-5.444165e+02,-5.444165e+02,-5.444165e+02,-5.444165e+02,-5.444165e+02,-5.444165e+02,-5.444165e+02,-5.444165e+02,-5.444165e+02,-5.444165e+02,-5.444165e+02,-5.444165e+02,-5.444165e+02,-5.444165e+02,-5.444165e+02,-5.444165e+02,-5.444165e+02,-5.444165e+02,-5.444165e+02,-5.444165e+02,-5.444165e+02,-5.444165e+02,-5.444165e+02,-5.444165e+02,-5.444165e+02,-5.444165e+02,-5.444165e+02,-5.444165e+02,-5.444165e+02,-5.444165e+02,-5.444165e+02,-5.444165e+02,-5.444165e+02,-5.444165e+02,-5.444165e+02,-5.444165e+02,-5.444165e+02,-5.444165e+02,-5.444165e+02,-5.444165e+02,-5.444165e+02,-5.444165e+02,-5.444165e+02,-5.444165e+02,-5.444165e+02,-5.444165e+02,-5.444165e+02,-5.444165e+02,-5.444165e+02,-5.444165e+02,-5.444165e+02,-5.444165e+02,-5.444165e+02,-5.444165e+02,-5.444165e+02,-5.444165e+02,-5.444165e+02,-5.444165e+02,-5.444165e+02,-5.444165e+02,-5.444165e+02,-5.444165e+02,-5.444165e+02,-5.444165e+02,-5.444165e+02,-5.444165e+02,-5.444165e+02,-5.444165e+02,-5.444165e+02,-5.444165e+02,-5.444165e+02,-5.444165e+02,-5.444165e+02,-5.444165e+02,-5.444165e+02,-5.444165e+02,-5.444165e+02,-5.444165e+02,-5.444165e+02,-5.444165e+02,-5.444165e+02,-5.444165e+02,-5.444165e+02,-5.444165e+02,-5.444165e+02,-5.444165e+02,-5.444165e+02,-5.444165e+02,-5.444165e+02,-5.444165e+02,-5.444165e+02,-5.444165e+02,-5.444165e+02,-5.444165e+02,-5.444165e+02,-5.444165e+02,-5.444165e+02,-5.444165e+02,-5.444165e+02,-5.444165e+02,-5.444165e+02,-5.444165e+02,-5.444165e+02,-5.444165e+02,-5.444165e+02,-5.444165e+02,-5.444165e+02,-5.444165e+02,-5.444165e+02,-5.444165e+02,-5.444165e+02,-5.444165e+02,-5.444165e+02,-5.444165e+02,-5.444165e+02,-5.444165e+02,-5.444165e+02,-5.444165e+02,-5.444165e+02,-5.444165e+02,-5.444165e+02,-5.444165e+02,-5.444165e+02,-5.444165e+02,-5.444165e+02,-5.444165e+02,-5.444165e+02,-5.444165e+02,-5.444165e+02,-5.444165e+02,-5.444165e+02,-5.444165e+02,-5.444165e+02,-5.444165e+02,-5.444165e+02,-5.444165e+02,-5.444165e+02,-5.444165e+02,-5.444165e+02,-5.444165e+02,-5.444165e+02,-5.444165e+02,-5.444165e+02,-5.444165e+02,-5.444165e+02,-5.445544e+02,-5.445544e+02,-5.445544e+02,-5.445544e+02,-5.445544e+02,-5.445544e+02,-5.445544e+02,-5.445544e+02,-5.445544e+02,-5.445544e+02,-5.445544e+02,-5.445544e+02,-5.445544e+02,-5.445544e+02,-5.445544e+02,-5.445544e+02,-5.445544e+02,-5.445544e+02,-5.445544e+02,-5.445544e+02,-5.445544e+02,-5.445544e+02,-5.445544e+02,-5.445544e+02,-5.445544e+02,-5.445544e+02,-5.445544e+02,-5.445544e+02,-5.445544e+02,-5.445544e+02,-5.445544e+02,-5.445544e+02,-5.445544e+02,-5.445544e+02,-5.445544e+02,-5.445544e+02,-5.445544e+02,-5.445544e+02,-5.445544e+02,-5.445544e+02,-5.445544e+02,-5.445544e+02,-5.445544e+02,-5.445544e+02,-5.445544e+02,-5.445544e+02,-5.445544e+02,-5.445544e+02,-5.445544e+02,-5.445544e+02,-5.445544e+02,-5.445544e+02,-5.445544e+02,-5.445544e+02,-5.445544e+02,-5.445544e+02,-5.445544e+02,-5.445544e+02,-5.445544e+02,-5.445544e+02,-5.445544e+02,-5.445544e+02,-5.445544e+02,-5.445544e+02,-5.445544e+02,-5.445544e+02,-5.445544e+02,-5.445544e+02,-5.445544e+02,-5.445544e+02,-5.445544e+02,-5.445544e+02,-5.445544e+02,-5.445544e+02,-5.445544e+02,-5.445544e+02,-5.445544e+02,-5.445544e+02,-5.445544e+02,-5.445544e+02,-5.445544e+02,-5.445544e+02,-5.445544e+02,-5.445544e+02,-5.445544e+02,-5.445544e+02,-5.445544e+02,-5.445544e+02,-5.445544e+02,-5.445544e+02,-5.445544e+02,-5.445544e+02,-5.445544e+02,-5.445544e+02,-5.445544e+02,-5.445544e+02,-5.445544e+02,-5.445544e+02,-5.445544e+02,-5.445544e+02,-5.445544e+02,-5.445544e+02,-5.445544e+02,-5.445544e+02,-5.445544e+02,-5.445544e+02,-5.445544e+02,-5.445544e+02,-5.445544e+02,-5.445544e+02,-5.445544e+02,-5.445544e+02,-5.445544e+02,-5.445544e+02,-5.445544e+02,-5.445544e+02,-5.445544e+02,-5.445544e+02,-5.445544e+02,-5.445544e+02,-5.445544e+02,-5.445544e+02,-5.445544e+02,-5.445544e+02,-5.445544e+02,-5.445544e+02,-5.445544e+02,-5.445544e+02,-5.445544e+02,-5.445544e+02,-5.445544e+02,-5.445544e+02,-5.445544e+02,-5.445544e+02,-5.445544e+02,-5.445544e+02,-5.445544e+02,-5.445544e+02,-5.445544e+02,-5.445544e+02,-5.445544e+02,-5.445544e+02,-5.445544e+02,-5.445544e+02,-5.445544e+02,-5.445544e+02,-5.445544e+02,-5.445544e+02,-5.445544e+02,-5.445544e+02,-5.445544e+02,-5.445544e+02,-5.445544e+02,-5.445544e+02,-5.445544e+02,-5.445544e+02,-5.445544e+02,-5.445544e+02,-5.445544e+02,-5.445544e+02,-5.445544e+02,-5.445544e+02,-5.445544e+02,-5.445544e+02,-5.445544e+02,-5.445544e+02,-5.445544e+02,-5.445544e+02,-5.445544e+02,-5.445544e+02,-5.445544e+02,-5.445544e+02,-5.445544e+02,-5.445544e+02,-5.445544e+02,-5.445544e+02,-5.445544e+02,-5.445544e+02,-5.445544e+02,-5.445544e+02,-5.445544e+02,-5.445544e+02,-5.445544e+02,-5.445544e+02,-5.445544e+02,-5.445544e+02,-5.445544e+02,-5.445544e+02,-5.445544e+02,-5.445544e+02,-5.445544e+02,-5.445544e+02,-5.445544e+02,-5.445544e+02,-5.445544e+02,-5.445544e+02,-5.445544e+02,-5.445544e+02,-5.445544e+02,-5.445544e+02,-5.445544e+02,-5.445544e+02,-5.445544e+02,-5.445544e+02,-5.445544e+02,-5.445544e+02,-5.445544e+02,-5.445544e+02,-5.445544e+02,-5.445544e+02,-5.445544e+02,-5.445544e+02,-5.445544e+02,-5.445544e+02,-5.445544e+02,-5.445544e+02,-5.445544e+02,-5.445544e+02,-5.445544e+02,-5.445544e+02,-5.445544e+02,-5.445544e+02,-5.445544e+02,-5.445544e+02,-5.445544e+02,-5.445544e+02,-5.445544e+02,-5.445544e+02,-5.445544e+02,-5.445544e+02,-5.445544e+02,-5.445544e+02,-5.445544e+02,-5.445544e+02,-5.445544e+02,-5.445544e+02,-5.445544e+02,-5.445544e+02,-5.445544e+02,-5.445544e+02,-5.445544e+02,-5.445544e+02,-5.445544e+02,-5.445544e+02,-5.445544e+02,-5.445544e+02,-5.445544e+02,-5.445544e+02,-5.445544e+02,-5.445544e+02,-5.445544e+02,-5.445544e+02,-5.445544e+02,-5.445544e+02,-5.445544e+02,-5.445544e+02,-5.445544e+02,-5.445544e+02,-5.445544e+02,-5.445544e+02,-5.445544e+02,-5.445544e+02,-5.445544e+02,-5.445544e+02,-5.445544e+02,-5.445544e+02,-5.445544e+02,-5.445544e+02,-5.445544e+02,-5.448044e+02,-5.448044e+02,-5.448044e+02,-5.448044e+02,-5.448044e+02,-5.448044e+02,-5.448044e+02,-5.448044e+02,-5.448044e+02,-5.448044e+02,-5.448044e+02,-5.448044e+02,-5.448044e+02,-5.448044e+02,-5.448044e+02,-5.448044e+02,-5.448044e+02,-5.448044e+02,-5.448044e+02,-5.448044e+02,-5.448044e+02,-5.448044e+02,-5.448044e+02,-5.448044e+02,-5.448044e+02,-5.448044e+02,-5.448044e+02,-5.448044e+02,-5.448044e+02,-5.448044e+02,-5.448044e+02,-5.448044e+02,-5.448044e+02,-5.448044e+02,-5.448044e+02,-5.448044e+02,-5.448044e+02,-5.448044e+02,-5.448044e+02,-5.448044e+02,-5.448044e+02,-5.448044e+02,-5.448044e+02,-5.448044e+02,-5.448044e+02,-5.448044e+02,-5.448044e+02,-5.448044e+02,-5.448044e+02,-5.448044e+02,-5.448044e+02,-5.448044e+02,-5.448044e+02,-5.448044e+02,-5.448044e+02,-5.448044e+02,-5.448044e+02,-5.448044e+02,-5.448044e+02,-5.448044e+02,-5.448044e+02,-5.448044e+02,-5.448044e+02,-5.448044e+02,-5.448044e+02,-5.448044e+02,-5.448044e+02,-5.448044e+02,-5.448044e+02,-5.448044e+02,-5.448044e+02,-5.448044e+02,-5.448044e+02,-5.448044e+02,-5.448044e+02,-5.448044e+02,-5.448044e+02,-5.448044e+02,-5.448044e+02,-5.448044e+02,-5.448044e+02,-5.448044e+02,-5.448044e+02,-5.448044e+02,-5.448044e+02,-5.448044e+02,-5.448044e+02,-5.448044e+02,-5.448044e+02,-5.448044e+02,-5.448044e+02,-5.448044e+02,-5.448044e+02,-5.448044e+02,-5.448044e+02,-5.448044e+02,-5.448044e+02,-5.448044e+02,-5.448044e+02,-5.448044e+02,-5.448044e+02,-5.448044e+02,-5.448044e+02,-5.448044e+02,-5.448044e+02,-5.448044e+02,-5.448044e+02,-5.448044e+02,-5.448044e+02,-5.448044e+02,-5.448044e+02,-5.448044e+02,-5.448044e+02,-5.448044e+02,-5.448044e+02,-5.448044e+02,-5.448044e+02,-5.448044e+02,-5.448044e+02,-5.448044e+02,-5.448044e+02,-5.448044e+02,-5.448044e+02,-5.448044e+02,-5.448044e+02,-5.448044e+02,-5.448044e+02,-5.448044e+02,-5.448044e+02,-5.448044e+02,-5.448044e+02,-5.448044e+02,-5.448044e+02,-5.448044e+02,-5.448044e+02,-5.448044e+02,-5.448044e+02,-5.448044e+02,-5.448044e+02,-5.448044e+02,-5.448044e+02,-5.448044e+02,-5.448044e+02,-5.448044e+02,-5.448044e+02,-5.448044e+02,-5.448044e+02,-5.448044e+02,-5.448044e+02,-5.448044e+02,-5.448044e+02,-5.448044e+02,-5.448044e+02,-5.448044e+02,-5.448044e+02,-5.448044e+02,-5.448044e+02,-5.448044e+02,-5.448044e+02,-5.448044e+02,-5.448044e+02,-5.448044e+02,-5.448044e+02,-5.448044e+02,-5.448044e+02,-5.448044e+02,-5.448044e+02,-5.448044e+02,-5.448044e+02,-5.448044e+02,-5.448044e+02,-5.448044e+02,-5.448044e+02,-5.448044e+02,-5.448044e+02,-5.448044e+02,-5.448044e+02,-5.448044e+02,-5.448044e+02,-5.448044e+02,-5.448044e+02,-5.448044e+02,-5.448044e+02,-5.448044e+02,-5.448044e+02,-5.448044e+02,-5.448044e+02,-5.448044e+02,-5.448044e+02,-5.448044e+02,-5.448044e+02,-5.448044e+02,-5.448044e+02,-5.448044e+02,-5.448044e+02,-5.448044e+02,-5.448044e+02,-5.448044e+02,-5.448044e+02,-5.448044e+02,-5.448044e+02,-5.448044e+02,-5.448044e+02,-5.448044e+02,-5.448044e+02,-5.448044e+02,-5.448044e+02,-5.448044e+02,-5.448044e+02,-5.448044e+02,-5.448044e+02,-5.448044e+02,-5.448044e+02,-5.448044e+02,-5.448044e+02,-5.448044e+02,-5.448044e+02,-5.448044e+02,-5.448044e+02,-5.448044e+02,-5.448044e+02,-5.448044e+02,-5.448044e+02,-5.448044e+02,-5.448044e+02,-5.448044e+02,-5.448044e+02,-5.448044e+02,-5.448044e+02,-5.448044e+02,-5.448044e+02,-5.448044e+02,-5.448044e+02,-5.448044e+02,-5.448044e+02,-5.448044e+02,-5.448044e+02,-5.448044e+02,-5.448044e+02,-5.448044e+02,-5.448044e+02,-5.448044e+02,-5.448044e+02,-5.448044e+02,-5.448044e+02,-5.448044e+02,-5.448044e+02,-5.448044e+02,-5.448044e+02,-5.448044e+02,-5.448044e+02,-5.448044e+02,-5.448044e+02,-5.448044e+02,-5.448044e+02,-5.448044e+02,-5.448044e+02,-5.448044e+02,-5.448044e+02,-5.448044e+02,-5.448044e+02,-5.448044e+02,-5.448044e+02,-5.448044e+02,-5.448044e+02,-5.448044e+02,-5.448044e+02,-5.448044e+02,-5.448044e+02,-5.448044e+02,-5.448044e+02,-5.448044e+02,-5.448044e+02,-5.448044e+02,-5.448044e+02,-5.448044e+02,-5.448044e+02,-5.448044e+02,-5.448044e+02,-5.448044e+02,-5.448044e+02,-5.448044e+02,-5.448044e+02,-5.448044e+02,-5.448044e+02,-5.448044e+02,-5.448044e+02,-5.448044e+02,-5.448044e+02,-5.448044e+02,-5.448044e+02,-5.448044e+02,-5.448044e+02,-5.448044e+02,-5.448044e+02,-5.448044e+02,-5.448044e+02,-5.448044e+02,-5.448044e+02,-5.448044e+02,-5.448044e+02,-5.448044e+02,-5.448044e+02,-5.448044e+02,-5.448044e+02,-5.448044e+02,-5.448044e+02,-5.448044e+02,-5.448044e+02,-5.448044e+02,-5.448044e+02,-5.448044e+02,-5.448044e+02,-5.448044e+02,-5.448044e+02,-5.448044e+02,-5.448044e+02,-5.448044e+02,-5.448044e+02,-5.448044e+02,-5.448044e+02,-5.448044e+02,-5.448044e+02,-5.448044e+02,-5.448044e+02,-5.448044e+02,-5.448044e+02,-5.448044e+02,-5.448044e+02,-5.448044e+02,-5.448044e+02,-5.448044e+02,-5.448044e+02,-5.448044e+02,-5.448044e+02,-5.448044e+02,-5.448044e+02,-5.448044e+02,-5.448044e+02,-5.448044e+02,-5.448044e+02,-5.448044e+02,-5.448044e+02,-5.448044e+02,-5.448044e+02,-5.448044e+02,-5.448044e+02,-5.448044e+02,-5.448044e+02,-5.448044e+02,-5.448044e+02,-5.448044e+02,-5.448044e+02,-5.448044e+02,-5.448044e+02,-5.448044e+02,-5.448044e+02,-5.448044e+02,-5.448044e+02,-5.448044e+02,-5.448044e+02,-5.448044e+02,-5.448044e+02,-5.448044e+02,-5.448044e+02,-5.448044e+02,-5.448044e+02,-5.448044e+02,-5.448044e+02,-5.448044e+02,-5.448044e+02,-5.448044e+02,-5.448044e+02,-5.448044e+02,-5.448044e+02,-5.448044e+02,-5.448044e+02,-5.448044e+02,-5.448044e+02,-5.448044e+02,-5.448044e+02,-5.448044e+02,-5.448044e+02,-5.448044e+02,-5.448044e+02,-5.448044e+02,-5.448044e+02,-5.448044e+02,-5.448044e+02,-5.448044e+02,-5.448044e+02,-5.448044e+02,-5.448044e+02,-5.448044e+02,-5.448044e+02,-5.448044e+02,-5.448044e+02,-5.448044e+02,-5.448044e+02,-5.448044e+02,-5.448044e+02,-5.448044e+02,-5.448044e+02,-5.448044e+02,-5.448044e+02,-5.448044e+02,-5.448044e+02,-5.448044e+02,-5.448044e+02,-5.448044e+02,-5.448044e+02,-5.448044e+02,-5.448044e+02,-5.448258e+02,-5.448258e+02,-5.448258e+02,-5.448258e+02,-5.448258e+02,-5.448258e+02,-5.448258e+02,-5.448258e+02,-5.448258e+02,-5.448258e+02,-5.448258e+02,-5.448258e+02,-5.448258e+02,-5.448258e+02,-5.448258e+02,-5.448258e+02,-5.448258e+02,-5.448258e+02,-5.448258e+02,-5.448258e+02,-5.448258e+02,-5.448258e+02,-5.448258e+02,-5.448258e+02,-5.448258e+02,-5.448258e+02,-5.448258e+02,-5.448258e+02,-5.448258e+02,-5.448258e+02,-5.448258e+02,-5.448258e+02,-5.448258e+02,-5.448258e+02,-5.448258e+02,-5.448258e+02,-5.448258e+02,-5.448258e+02,-5.448258e+02,-5.448258e+02,-5.448258e+02,-5.448258e+02,-5.448258e+02,-5.448258e+02,-5.448258e+02,-5.448258e+02,-5.448258e+02,-5.448258e+02,-5.448258e+02,-5.448258e+02,-5.448258e+02,-5.448258e+02,-5.448258e+02,-5.448258e+02,-5.448258e+02,-5.448258e+02,-5.448258e+02,-5.448258e+02,-5.448258e+02,-5.448258e+02,-5.448258e+02,-5.448258e+02,-5.448258e+02,-5.448258e+02,-5.448258e+02,-5.448258e+02,-5.448258e+02,-5.448258e+02,-5.448258e+02,-5.448258e+02,-5.448258e+02,-5.448258e+02,-5.448258e+02,-5.448258e+02,-5.448258e+02,-5.448258e+02,-5.448258e+02,-5.448258e+02,-5.448258e+02,-5.448258e+02,-5.448258e+02,-5.448258e+02,-5.448258e+02,-5.448258e+02,-5.448258e+02,-5.448258e+02,-5.448258e+02,-5.448258e+02,-5.448258e+02,-5.448258e+02,-5.448258e+02,-5.448258e+02,-5.448258e+02,-5.448258e+02,-5.448258e+02,-5.448258e+02,-5.448258e+02,-5.448258e+02,-5.448258e+02,-5.448258e+02,-5.448258e+02,-5.448258e+02,-5.448258e+02,-5.448258e+02,-5.448258e+02,-5.448258e+02,-5.448258e+02,-5.448258e+02,-5.448258e+02,-5.448258e+02,-5.448258e+02,-5.448258e+02,-5.448258e+02,-5.448258e+02,-5.448258e+02,-5.448258e+02,-5.448258e+02,-5.448258e+02,-5.448258e+02,-5.448258e+02,-5.448258e+02,-5.448258e+02,-5.448258e+02,-5.448258e+02,-5.448258e+02,-5.448258e+02,-5.448258e+02,-5.448258e+02,-5.448258e+02,-5.448258e+02,-5.448258e+02,-5.448258e+02,-5.448258e+02,-5.448258e+02,-5.448258e+02,-5.448258e+02,-5.448258e+02,-5.448258e+02,-5.448258e+02,-5.448258e+02,-5.448258e+02,-5.448258e+02,-5.448258e+02,-5.448258e+02,-5.448258e+02,-5.448258e+02,-5.448258e+02,-5.448258e+02,-5.448258e+02,-5.448258e+02,-5.448258e+02,-5.448258e+02,-5.448258e+02,-5.448258e+02,-5.448258e+02,-5.448258e+02,-5.448258e+02,-5.448258e+02,-5.448258e+02,-5.448258e+02,-5.448258e+02,-5.448258e+02,-5.448258e+02,-5.448258e+02,-5.448258e+02,-5.448258e+02,-5.448258e+02,-5.448258e+02,-5.448258e+02,-5.448258e+02,-5.448258e+02,-5.448258e+02,-5.448258e+02,-5.448258e+02,-5.448258e+02,-5.448258e+02,-5.448258e+02,-5.448258e+02,-5.448258e+02,-5.448258e+02,-5.448258e+02,-5.448258e+02,-5.448258e+02,-5.448258e+02,-5.448258e+02,-5.448258e+02,-5.448258e+02,-5.448258e+02,-5.448258e+02,-5.448258e+02,-5.448258e+02,-5.448258e+02,-5.448258e+02,-5.448258e+02,-5.448258e+02,-5.448258e+02,-5.448258e+02,-5.448258e+02,-5.448258e+02,-5.448258e+02,-5.448258e+02,-5.448258e+02,-5.448258e+02,-5.448258e+02,-5.448258e+02,-5.448258e+02,-5.448258e+02,-5.448258e+02,-5.448258e+02,-5.448258e+02,-5.448258e+02,-5.448258e+02,-5.448258e+02,-5.448258e+02,-5.448258e+02,-5.448258e+02,-5.448258e+02,-5.448258e+02,-5.448258e+02,-5.448258e+02,-5.448258e+02,-5.448258e+02,-5.448258e+02,-5.448258e+02,-5.448258e+02,-5.448258e+02,-5.448258e+02,-5.448258e+02,-5.448258e+02,-5.448258e+02,-5.448258e+02,-5.448258e+02,-5.448258e+02,-5.448258e+02,-5.448258e+02,-5.448258e+02,-5.448258e+02,-5.448258e+02,-5.448258e+02,-5.448258e+02,-5.448258e+02,-5.448258e+02,-5.448258e+02,-5.448258e+02,-5.448258e+02,-5.448258e+02,-5.448258e+02,-5.448258e+02,-5.448258e+02,-5.448258e+02,-5.448258e+02,-5.448258e+02,-5.448258e+02,-5.448258e+02,-5.448258e+02,-5.448258e+02,-5.448258e+02,-5.448258e+02,-5.448258e+02,-5.448258e+02,-5.448258e+02,-5.448258e+02,-5.448258e+02,-5.448258e+02,-5.448258e+02,-5.448258e+02,-5.448258e+02,-5.448258e+02,-5.448258e+02,-5.448258e+02,-5.448258e+02,-5.448258e+02,-5.448258e+02,-5.448258e+02,-5.448258e+02,-5.448258e+02,-5.448258e+02,-5.448258e+02,-5.448258e+02,-5.448258e+02,-5.448258e+02,-5.448258e+02,-5.448258e+02,-5.448258e+02,-5.448258e+02,-5.448258e+02,-5.448258e+02,-5.451388e+02,-5.451388e+02,-5.451388e+02,-5.451388e+02,-5.451388e+02,-5.451388e+02,-5.451388e+02,-5.451388e+02,-5.451388e+02,-5.451388e+02,-5.451388e+02,-5.451388e+02,-5.451388e+02,-5.451388e+02,-5.451388e+02,-5.451388e+02,-5.451388e+02,-5.451388e+02,-5.451388e+02,-5.451388e+02,-5.451388e+02,-5.451388e+02,-5.451388e+02,-5.451388e+02,-5.451388e+02,-5.451388e+02,-5.451388e+02,-5.451388e+02,-5.451388e+02,-5.451388e+02,-5.451388e+02,-5.451388e+02,-5.451388e+02,-5.451388e+02,-5.451388e+02,-5.451388e+02,-5.451388e+02,-5.451388e+02,-5.451388e+02,-5.451388e+02,-5.451388e+02,-5.451388e+02,-5.451388e+02,-5.451388e+02,-5.451388e+02,-5.451388e+02,-5.451388e+02,-5.451388e+02,-5.451388e+02,-5.451388e+02,-5.451388e+02,-5.451388e+02,-5.451388e+02,-5.451388e+02,-5.451388e+02,-5.451388e+02,-5.451388e+02,-5.451388e+02,-5.451388e+02,-5.451388e+02,-5.451388e+02,-5.451388e+02,-5.451388e+02,-5.451388e+02,-5.451388e+02,-5.451388e+02,-5.451388e+02,-5.451388e+02,-5.451388e+02,-5.451388e+02,-5.451388e+02,-5.451388e+02,-5.451388e+02,-5.451388e+02,-5.451388e+02,-5.451388e+02,-5.451388e+02,-5.451388e+02,-5.451388e+02,-5.451388e+02,-5.451388e+02,-5.451388e+02,-5.451388e+02,-5.451388e+02,-5.451388e+02,-5.451388e+02,-5.451388e+02,-5.451388e+02,-5.451388e+02,-5.451388e+02,-5.451388e+02,-5.451388e+02,-5.451388e+02,-5.451388e+02,-5.451388e+02,-5.451388e+02,-5.451388e+02,-5.451388e+02,-5.451388e+02,-5.451388e+02,-5.451388e+02,-5.451388e+02,-5.451388e+02,-5.451388e+02,-5.451388e+02,-5.451388e+02,-5.451388e+02,-5.451388e+02,-5.451388e+02,-5.451388e+02,-5.451388e+02,-5.451388e+02,-5.451388e+02,-5.451388e+02,-5.451388e+02,-5.451388e+02,-5.451388e+02,-5.451388e+02,-5.451388e+02,-5.451388e+02,-5.451388e+02,-5.451388e+02,-5.451388e+02,-5.451388e+02,-5.451388e+02,-5.451388e+02,-5.451388e+02,-5.451388e+02,-5.451388e+02,-5.451388e+02,-5.451388e+02,-5.451388e+02,-5.451388e+02,-5.451388e+02,-5.451388e+02,-5.451388e+02,-5.451388e+02,-5.451388e+02,-5.451388e+02,-5.451388e+02,-5.451388e+02,-5.451388e+02,-5.451388e+02,-5.451388e+02,-5.451388e+02,-5.451388e+02,-5.451388e+02,-5.451388e+02,-5.451388e+02,-5.451388e+02,-5.451388e+02,-5.451388e+02,-5.451388e+02,-5.451388e+02,-5.451388e+02,-5.451388e+02,-5.451388e+02,-5.451388e+02,-5.451388e+02,-5.451388e+02,-5.451388e+02,-5.451388e+02,-5.451388e+02,-5.451388e+02,-5.451388e+02,-5.451388e+02,-5.451388e+02,-5.451388e+02,-5.451388e+02,-5.451388e+02,-5.451388e+02"
